Time (s),AI 2/Load Cell of Pull Sled (lbf),Formula 2/Pull Sled Speed (mph),Formula 6/Sled Pull Distance (ft)
0.00000000,138.099838256836,0,0
0.00500000,139.67463684082,0,0
0.01000000,138.256607055664,0,0
0.01500000,135.658538818359,0,0
0.02000000,127.843299865723,0,0
0.02500000,125.518180847168,0,0
0.03000000,130.383987426758,0,0
0.03500000,133.257827758789,0,0
0.04000000,120.487205505371,0,0
0.04500000,113.507667541504,0,0
0.05000000,126.579254150391,0,0
0.05500000,134.409881591797,0,0
0.06000000,138.999923706055,0,0
0.06500000,141.585403442383,0,0
0.07000000,139.572448730469,0,0
0.07500000,141.912963867188,0,0
0.08000000,143.570358276367,0,0
0.08500000,143.910522460938,0,0
0.09000000,128.212844848633,0,0
0.09500000,120.870758056641,0,0
0.10000000,130.753540039062,0,0
0.10500000,130.133407592773,0,0
0.11000000,128.585205078125,0,0
0.11500000,126.271293640137,0,0
0.12000000,129.118545532227,0,0
0.12500000,138.076034545898,0,0
0.13000000,144.578231811523,0,0
0.13500000,147.069931030273,0,0
0.14000000,132.857482910156,0,0
0.14500000,133.48600769043,0,0
0.15000000,139.551452636719,0,0
0.15500000,135.972091674805,0,0
0.16000000,131.534637451172,0,0
0.16500000,125.462188720703,0,0
0.17000000,129.948638916016,0,0
0.17500000,132.639099121094,0,0
0.18000000,139.711029052734,0,0
0.18500000,134.05012512207,0,0
0.19000000,124.395523071289,0,0
0.19500000,134.393096923828,0,0
0.20000000,140.92887878418,0,0
0.20500000,139.036315917969,0,0
0.21000000,129.903839111328,0,0
0.21500000,131.267272949219,0,0
0.22000000,137.992050170898,0,0
0.22500000,140.738510131836,0,0
0.23000000,139.887405395508,0,0
0.23500000,125.248016357422,0,0
0.24000000,123.376449584961,0,0
0.24500000,135.855911254883,0,0
0.25000000,141.81217956543,0,0
0.25500000,135.391159057617,0,0
0.26000000,126.778030395508,0,0
0.26500000,130.648544311523,0,0
0.27000000,136.804992675781,0,0
0.27500000,139.419876098633,0,0
0.28000000,132.046981811523,0,0
0.28500000,125.255020141602,0,0
0.29000000,134.184509277344,0,0
0.29500000,143.086013793945,0,0
0.30000000,141.957748413086,0,0
0.30500000,132.590118408203,0,0
0.31000000,126.103309631348,0,0
0.31500000,132.168762207031,0,0
0.32000000,136.606216430664,0,0
0.32500000,137.609893798828,0,0
0.33000000,122.000419616699,0,0
0.33500000,118.906799316406,0,0
0.34000000,130.775939941406,0,0
0.34500000,136.310852050781,0,0
0.35000000,134.876022338867,0,0
0.35500000,127.398155212402,0,0
0.36000000,133.51399230957,0,0
0.36500000,140.594329833984,0,0
0.37000000,145.605712890625,0,0
0.37500000,135.26237487793,0,0
0.38000000,121.453086853027,0,0
0.38500000,130.435775756836,0,0
0.39000000,138.495986938477,0,0
0.39500000,137.873062133789,0,0
0.40000000,126.960006713867,0,0
0.40500000,124.448715209961,0,0
0.41000000,129.539886474609,0,0
0.41500000,135.685134887695,0,0
0.42000000,136.817596435547,0,0
0.42500000,126.643646240234,0,0
0.43000000,129.881439208984,0,0
0.43500000,141.010070800781,0,0
0.44000000,147.039123535156,0,0
0.44500000,139.559844970703,0,0
0.45000000,128.016876220703,0,0
0.45500000,130.638748168945,0,0
0.46000000,135.113998413086,0,0
0.46500000,137.716278076172,0,0
0.47000000,127.52693939209,0,0
0.47500000,117.211608886719,0,0
0.48000000,125.14582824707,0,0
0.48500000,132.816879272461,0,0
0.49000000,135.504547119141,0,0
0.49500000,129.216522216797,0,0
0.50000000,131.100692749023,0,0
0.50500000,139.415664672852,0,0
0.51000000,146.253829956055,0,0
0.51500000,142.979629516602,0,0
0.52000000,126.657646179199,0,0
0.52500000,128.993957519531,0,0
0.53000000,136.985565185547,0,0
0.53500000,138.467987060547,0,0
0.54000000,129.42790222168,0,0
0.54500000,122.460960388184,0,0
0.55000000,128.725189208984,0,0
0.55500000,132.398330688477,0,0
0.56000000,136.544616699219,0,0
0.56500000,125.546180725098,0,0
0.57000000,123.799194335938,0,0
0.57500000,136.149871826172,0,0
0.58000000,144.694412231445,0,0
0.58500000,144.001510620117,0,0
0.59000000,133.550399780273,0,0
0.59500000,134.115921020508,0,0
0.60000000,137.619689941406,0,0
0.60500000,142.680068969727,0,0
0.61000000,137.049957275391,0,0
0.61500000,124.342330932617,0,0
0.62000000,127.836296081543,0,0
0.62500000,133.508392333984,0,0
0.63000000,132.112777709961,0,0
0.63500000,122.633140563965,0,0
0.64000000,119.960868835449,0,0
0.64500000,130.015823364258,0,0
0.65000000,140.709106445312,0,0
0.65500000,142.846649169922,0,0
0.66000000,131.202880859375,0,0
0.66500000,129.292114257812,0,0
0.67000000,141.922760009766,0,0
0.67500000,147.055923461914,0,0
0.68000000,141.477615356445,0,0
0.68500000,127.062194824219,0,0
0.69000000,126.792030334473,0,0
0.69500000,133.267623901367,0,0
0.70000000,134.808837890625,0,0
0.70500000,126.299285888672,0,0
0.71000000,114.348960876465,0,0
0.71500000,123.934982299805,0,0
0.72000000,133.288619995117,0,0
0.72500000,137.971054077148,0,0
0.73000000,131.433853149414,0,0
0.73500000,129.612686157227,0,0
0.74000000,138.160018920898,0,0
0.74500000,143.270797729492,0,0
0.75000000,144.511047363281,0,0
0.75500000,130.144607543945,0,0
0.76000000,124.640495300293,0,0
0.76500000,133.897552490234,0,0
0.77000000,137.191345214844,0,0
0.77500000,130.441375732422,0,0
0.78000000,117.996910095215,0,0
0.78500000,117.896125793457,0,0
0.79000000,126.512062072754,0,0
0.79500000,138.162826538086,0,0
0.80000000,137.738677978516,0,0
0.80500000,126.751434326172,0,0
0.81000000,133.669372558594,0,0
0.81500000,145.202560424805,0,0
0.82000000,146.14323425293,0,0
0.82500000,136.60481262207,0,0
0.83000000,128.032272338867,0,0
0.83500000,133.311019897461,0,0
0.84000000,136.888977050781,0,0
0.84500000,136.278656005859,0,0
0.85000000,122.872512817383,0,0
0.85500000,116.40251159668,0,0
0.86000000,128.211456298828,0,0
0.86500000,134.74723815918,0,0
0.87000000,134.282501220703,0,0
0.87500000,127.767707824707,0,0
0.88000000,131.709625244141,0,0
0.88500000,139.77262878418,0,0
0.89000000,144.890396118164,0,0
0.89500000,142.282516479492,0,0
0.90000000,128.872177124023,0,0
0.90500000,130.417587280273,0,0
0.91000000,138.158630371094,0,0
0.91500000,138.582778930664,0,0
0.92000000,129.035949707031,0,0
0.92500000,117.789741516113,0,0
0.93000000,121.854835510254,0,0
0.93500000,127.83349609375,0,0
0.94000000,134.580673217773,0,0
0.94500000,126.713638305664,0,0
0.95000000,123.146873474121,0,0
0.95500000,136.697204589844,0,0
0.96000000,146.265029907227,0,0
0.96500000,145.539916992187,0,0
0.97000000,133.078659057617,0,0
0.97500000,130.810928344727,0,0
0.98000000,137.385925292969,0,0
0.98500000,140.300354003906,0,0
0.99000000,136.431243896484,0,0
0.99500000,121.884231567383,0,0
1.00000000,121.69945526123,0,0
1.00500000,132.746887207031,0,0
1.01000000,134.899826049805,0,0
1.01500000,127.713111877441,0,0
1.02000000,122.004615783691,0,0
1.02500000,129.107345581055,0,0
1.03000000,138.852935791016,0,0
1.03500000,144.140090942383,0,0
1.04000000,138.104034423828,0,0
1.04500000,127.125183105469,0,0
1.05000000,134.974014282227,0,0
1.05500000,143.9287109375,0,0
1.06000000,141.698791503906,0,0
1.06500000,132.025985717773,0,0
1.07000000,123.380645751953,0,0
1.07500000,129.237518310547,0,0
1.08000000,131.400253295898,0,0
1.08500000,130.383987426758,0,0
1.09000000,116.770660400391,0,0
1.09500000,116.021759033203,0,0
1.10000000,131.90559387207,0,0
1.10500000,141.35302734375,0,0
1.11000000,141.7421875,0,0
1.11500000,130.434371948242,0,0
1.12000000,132.262557983398,0,0
1.12500000,140.941482543945,0,0
1.13000000,145.02197265625,0,0
1.13500000,139.855209350586,0,0
1.14000000,122.119407653809,0,0
1.14500000,122.707328796387,0,0
1.15000000,131.964385986328,0,0
1.15500000,131.711013793945,0,0
1.16000000,123.270065307617,0,0
1.16500000,116.693672180176,0,0
1.17000000,125.344604492187,0,0
1.17500000,135.076202392578,0,0
1.18000000,142.276916503906,0,0
1.18500000,135.351974487305,0,0
1.19000000,127.59693145752,0,0
1.19500000,138.049438476562,0,0
1.20000000,146.175430297852,0,0
1.20500000,144.172286987305,0,0
1.21000000,133.877960205078,0,0
1.21500000,127.07479095459,0,0
1.22000000,131.358261108398,0,0
1.22500000,133.716979980469,0,0
1.23000000,133.245223999023,0,0
1.23500000,119.207763671875,0,0
1.24000000,115.712394714355,0,0
1.24500000,131.202880859375,0,0
1.25000000,139.319076538086,0,0
1.25500000,137.427917480469,0,0
1.26000000,127.94408416748,0,0
1.26500000,128.645401000977,0,0
1.27000000,138.703155517578,0,0
1.27500000,145.262741088867,0,0
1.28000000,142.933441162109,0,0
1.28500000,128.937957763672,0,0
1.29000000,130.95231628418,0,0
1.29500000,138.06623840332,0,0
1.30000000,135.820907592773,0,0
1.30500000,126.807426452637,0,0
1.31000000,120.07145690918,0,0
1.31500000,126.695442199707,0,0
1.32000000,132.10856628418,0,0
1.32500000,136.434036254883,0,0
1.33000000,128.39762878418,0,0
1.33500000,120.725173950195,0,0
1.34000000,131.323272705078,0,0
1.34500000,141.624603271484,0,0
1.35000000,142.195724487305,0,0
1.35500000,135.323974609375,0,0
1.36000000,130.767532348633,0,0
1.36500000,136.623016357422,0,0
1.37000000,140.626525878906,0,0
1.37500000,139.900009155273,0,0
1.38000000,125.716957092285,0,0
1.38500000,120.172241210938,0,0
1.39000000,131.159484863281,0,0
1.39500000,134.48828125,0,0
1.40000000,129.51188659668,0,0
1.40500000,121.21231842041,0,0
1.41000000,125.074440002441,0,0
1.41500000,135.477951049805,0,0
1.42000000,141.570007324219,0,0
1.42500000,138.053634643555,0,0
1.43000000,126.37767791748,0,0
1.43500000,135.778915405273,0,0
1.44000000,145.406936645508,0,0
1.44500000,139.734832763672,0,0
1.45000000,128.632797241211,0,0
1.45500000,120.061660766602,0,0
1.46000000,126.617050170898,0,0
1.46500000,131.194488525391,0,0
1.47000000,135.153198242188,0,0
1.47500000,123.081085205078,0,0
1.48000000,119.336547851562,0,0
1.48500000,130.456771850586,0,0
1.49000000,137.297729492188,0,0
1.49500000,137.549697875977,0,0
1.50000000,129.122741699219,0,0
1.50500000,132.902267456055,0,0
1.51000000,139.977005004883,0,0
1.51500000,143.766326904297,0,0
1.52000000,137.562301635742,0,0
1.52500000,120.874954223633,0,0
1.53000000,123.825790405273,0,0
1.53500000,134.076721191406,0,0
1.54000000,136.624420166016,0,0
1.54500000,127.661323547363,0,0
1.55000000,121.030342102051,0,0
1.55500000,126.769630432129,0,0
1.56000000,135.315582275391,0,0
1.56500000,140.172973632812,0,0
1.57000000,128.253448486328,0,0
1.57500000,124.903663635254,0,0
1.58000000,138.347595214844,0,0
1.58500000,145.656097412109,0,0
1.59000000,141.234039306641,0,0
1.59500000,129.891250610352,0,0
1.60000000,128.695785522461,0,0
1.60500000,132.795883178711,0,0
1.61000000,138.703155517578,0,0
1.61500000,130.703140258789,0,0
1.62000000,116.314323425293,0,0
1.62500000,123.114677429199,0,0
1.63000000,128.205856323242,0,0
1.63500000,131.145492553711,0,0
1.64000000,128.179260253906,0,0
1.64500000,129.432098388672,0,0
1.65000000,133.980133056641,0,0
1.65500000,142.582077026367,0,0
1.66000000,144.610427856445,0,0
1.66500000,129.552490234375,0,0
1.67000000,129.384506225586,0,0
1.67500000,135.283386230469,0,0
1.68000000,137.2529296875,0,0
1.68500000,130.200607299805,0,0
1.69000000,124.920455932617,0,0
1.69500000,125.060440063477,0,0
1.70000000,131.683029174805,0,0
1.70500000,133.347412109375,0,0
1.71000000,117.526573181152,0,0
1.71500000,123.195869445801,0,0
1.72000000,131.75862121582,0,0
1.72500000,139.165100097656,0,0
1.73000000,141.011474609375,0,0
1.73500000,142.82145690918,0,0
1.74000000,143.498962402344,0,0
1.74500000,142.149536132812,0,0
1.75000000,136.211471557617,0,0
1.75500000,123.104881286621,0,0
1.76000000,124.99324798584,0,0
1.76500000,123.737602233887,0,0
1.77000000,121.828239440918,0,0
1.77500000,123.937782287598,0,0
1.78000000,130.92431640625,0,0
1.78500000,129.423706054688,0,0
1.79000000,133.679183959961,0,0
1.79500000,132.473922729492,0,0
1.80000000,132.920471191406,0,0
1.80500000,139.988204956055,0,0
1.81000000,137.506301879883,0,0
1.81500000,135.67253112793,0,0
1.82000000,136.04768371582,0,0
1.82500000,137.665878295898,0,0
1.83000000,134.358093261719,0,0
1.83500000,130.662551879883,0,0
1.84000000,117.83032989502,0,0
1.84500000,119.988868713379,0,0
1.85000000,121.203918457031,0,0
1.85500000,114.913093566895,0,0
1.86000000,116.149139404297,0,0
1.86500000,130.036819458008,0,0
1.87000000,145.821273803711,0,0
1.87500000,150.748672485352,0,0
1.88000000,144.688812255859,0,0
1.88500000,142.657669067383,0,0
1.89000000,143.633346557617,0,0
1.89500000,130.89631652832,0,0
1.90000000,116.77766418457,0,0
1.90500000,120.058860778809,0,0
1.91000000,129.534286499023,0,0
1.91500000,128.266052246094,0,0
1.92000000,124.193946838379,0,0
1.92500000,123.857986450195,0,0
1.93000000,138.200622558594,0,0
1.93500000,134.363693237305,0,0
1.94000000,124.777679443359,0,0
1.94500000,128.317840576172,0,0
1.95000000,143.953903198242,0,0
1.95500000,147.971420288086,0,0
1.96000000,143.235794067383,0,0
1.96500000,132.447326660156,0,0
1.97000000,140.087585449219,0,0
1.97500000,134.971221923828,0,0
1.98000000,118.764015197754,0,0
1.98500000,110.268463134766,0,0
1.99000000,124.261138916016,0,0
1.99500000,133.925552368164,0,0
2.00000000,132.359146118164,0,0
2.00500000,126.408477783203,0,0
2.01000000,143.144805908203,0,0
2.01500000,150.624084472656,0,0
2.02000000,134.272705078125,0,0
2.02500000,124.277938842773,0,0
2.03000000,133.297027587891,0,0
2.03500000,135.209182739258,0,0
2.04000000,127.360359191895,0,0
2.04500000,119.813888549805,0,0
2.05000000,136.198867797852,0,0
2.05500000,140.276565551758,0,0
2.06000000,126.717834472656,0,0
2.06500000,120.07145690918,0,0
2.07000000,135.093002319336,0,0
2.07500000,141.411819458008,0,0
2.08000000,132.195358276367,0,0
2.08500000,127.364555358887,0,0
2.09000000,143.184005737305,0,0
2.09500000,145.314544677734,0,0
2.10000000,128.845581054688,0,0
2.10500000,119.878280639648,0,0
2.11000000,131.566833496094,0,0
2.11500000,132.419326782227,0,0
2.12000000,125.659568786621,0,0
2.12500000,124.175750732422,0,0
2.13000000,143.580154418945,0,0
2.13500000,144.487243652344,0,0
2.14000000,130.462371826172,0,0
2.14500000,128.326232910156,0,0
2.15000000,141.953552246094,0,0
2.15500000,137.363525390625,0,0
2.16000000,122.458160400391,0,0
2.16500000,125.410400390625,0,0
2.17000000,141.232650756836,0,0
2.17500000,133.491607666016,0,0
2.18000000,119.707504272461,0,0
2.18500000,125.603576660156,0,0
2.19000000,139.3134765625,0,0
2.19500000,130.564559936523,0,0
2.20000000,124.388526916504,0,0
2.20500000,137.705078125,0,0
2.21000000,149.385238647461,0,0
2.21500000,134.183120727539,0,0
2.22000000,121.985023498535,0,0
2.22500000,129.675674438477,0,0
2.23000000,129.572082519531,0,0
2.23500000,117.540565490723,0,0
2.24000000,118.926399230957,0,0
2.24500000,138.375595092773,0,0
2.25000000,141.873764038086,0,0
2.25500000,129.528686523438,0,0
2.26000000,131.733413696289,0,0
2.26500000,143.87272644043,0,0
2.27000000,139.118911743164,0,0
2.27500000,123.40584564209,0,0
2.28000000,128.865173339844,0,0
2.28500000,138.844543457031,0,0
2.29000000,127.94408416748,0,0
2.29500000,117.396385192871,0,0
2.30000000,128.434020996094,0,0
2.30500000,135.461151123047,0,0
2.31000000,125.453788757324,0,0
2.31500000,124.335327148438,0,0
2.32000000,145.703689575195,0,0
2.32500000,151.699157714844,0,0
2.33000000,134.114517211914,0,0
2.33500000,132.196762084961,0,0
2.34000000,140.073593139648,0,0
2.34500000,131.554244995117,0,0
2.35000000,115.930770874023,0,0
2.35500000,121.920631408691,0,0
2.36000000,134.174713134766,0,0
2.36500000,125.130432128906,0,0
2.37000000,119.819488525391,0,0
2.37500000,134.055725097656,0,0
2.38000000,144.659423828125,0,0
2.38500000,133.444000244141,0,0
2.39000000,132.118377685547,0,0
2.39500000,145.195556640625,0,0
2.40000000,142.53727722168,0,0
2.40500000,124.716087341309,0,0
2.41000000,120.937950134277,0,0
2.41500000,131.564041137695,0,0
2.42000000,127.295967102051,0,0
2.42500000,116.633483886719,0,0
2.43000000,125.53638458252,0,0
2.43500000,142.401504516602,0,0
2.44000000,135.200790405273,0,0
2.44500000,128.799377441406,0,0
2.45000000,139.961608886719,0,0
2.45500000,144.407455444336,0,0
2.46000000,129.285125732422,0,0
2.46500000,121.408294677734,0,0
2.47000000,135.727127075195,0,0
2.47500000,131.94758605957,0,0
2.48000000,119.568916320801,0,0
2.48500000,124.261138916016,0,0
2.49000000,138.596771240234,0,0
2.49500000,134.799041748047,0,0
2.50000000,125.259216308594,0,0
2.50500000,136.070083618164,0,0
2.51000000,144.90299987793,0,0
2.51500000,132.017578125,0,0
2.52000000,122.11100769043,0,0
2.52500000,131.887405395508,0,0
2.53000000,130.211807250977,0,0
2.53500000,121.084930419922,0,0
2.54000000,124.74967956543,0,0
2.54500000,140.112777709961,0,0
2.55000000,137.875854492188,0,0
2.55500000,127.743911743164,0,0
2.56000000,133.313827514648,0,0
2.56500000,141.224243164062,0,0
2.57000000,131.32746887207,0,0
2.57500000,119.872680664062,0,0
2.58000000,131.631225585938,0,0
2.58500000,132.536911010742,0,0
2.59000000,119.328147888184,0,0
2.59500000,119.045379638672,0,0
2.60000000,132.214950561523,0,0
2.60500000,132.387130737305,0,0
2.61000000,126.845222473145,0,0
2.61500000,139.355484008789,0,0
2.62000000,151.20361328125,0,0
2.62500000,138.649963378906,0,0
2.63000000,129.861846923828,0,0
2.63500000,136.042083740234,0,0
2.64000000,130.383987426758,0,0
2.64500000,116.583084106445,0,0
2.65000000,118.089302062988,0,0
2.65500000,131.771209716797,0,0
2.66000000,128.656600952148,0,0
2.66500000,123.639617919922,0,0
2.67000000,135.67253112793,0,0
2.67500000,144.963180541992,0,0
2.68000000,136.351440429688,0,0
2.68500000,131.470245361328,0,0
2.69000000,141.823379516602,0,0
2.69500000,138.726959228516,0,0
2.70000000,125.966125488281,0,0
2.70500000,122.957901000977,0,0
2.71000000,131.267272949219,0,0
2.71500000,124.83927154541,0,0
2.72000000,114.673721313477,0,0
2.72500000,128.20166015625,0,0
2.73000000,142.195724487305,0,0
2.73500000,134.720642089844,0,0
2.74000000,133.353012084961,0,0
2.74500000,142.157928466797,0,0
2.75000000,138.127822875977,0,0
2.75500000,123.99097442627,0,0
2.76000000,125.064643859863,0,0
2.76500000,134.960021972656,0,0
2.77000000,124.833671569824,0,0
2.77500000,122.267784118652,0,0
2.78000000,132.067977905273,0,0
2.78500000,138.927124023438,0,0
2.79000000,130.120819091797,0,0
2.79500000,130.878128051758,0,0
2.80000000,141.607803344727,0,0
2.80500000,137.776473999023,0,0
2.81000000,127.196578979492,0,0
2.81500000,129.53288269043,0,0
2.82000000,132.417938232422,0,0
2.82500000,122.698928833008,0,0
2.83000000,120.590789794922,0,0
2.83500000,131.771209716797,0,0
2.84000000,136.693008422852,0,0
2.84500000,130.004623413086,0,0
2.85000000,137.062561035156,0,0
2.85500000,144.749008178711,0,0
2.86000000,136.928176879883,0,0
2.86500000,125.877937316895,0,0
2.87000000,133.221435546875,0,0
2.87500000,132.976470947266,0,0
2.88000000,121.307502746582,0,0
2.88500000,122.30558013916,0,0
2.89000000,128.918365478516,0,0
2.89500000,125.77995300293,0,0
2.90000000,122.201995849609,0,0
2.90500000,135.483551025391,0,0
2.91000000,141.053466796875,0,0
2.91500000,130.764739990234,0,0
2.92000000,131.201477050781,0,0
2.92500000,138.154418945312,0,0
2.93000000,132.64469909668,0,0
2.93500000,125.623168945313,0,0
2.94000000,128.340240478516,0,0
2.94500000,131.887405395508,0,0
2.95000000,123.02229309082,0,0
2.95500000,124.83927154541,0,0
2.96000000,135.903503417969,0,0
2.96500000,136.106475830078,0,0
2.97000000,128.410232543945,0,0
2.97500000,133.943740844727,0,0
2.98000000,138.843139648438,0,0
2.98500000,129.775054931641,0,0
2.99000000,125.669364929199,0,0
2.99500000,131.194488525391,0,0
3.00000000,126.950210571289,0,0
3.00500000,117.728149414062,0,0
3.01000000,128.606201171875,0,0
3.01500000,138.090026855469,0,0
3.02000000,134.559661865234,0,0
3.02500000,134.0361328125,0,0
3.03000000,142.859237670898,0,0
3.03500000,137.710678100586,0,0
3.04000000,127.995880126953,0,0
3.04500000,126.576454162598,0,0
3.05000000,127.59693145752,0,0
3.05500000,118.671630859375,0,0
3.06000000,119.927276611328,0,0
3.06500000,130.661148071289,0,0
3.07000000,134.997817993164,0,0
3.07500000,131.503845214844,0,0
3.08000000,139.638244628906,0,0
3.08500000,145.96125793457,0,0
3.09000000,135.386962890625,0,0
3.09500000,128.372436523438,0,0
3.10000000,130.843124389648,0,0
3.10500000,126.11450958252,0,0
3.11000000,116.458503723145,0,0
3.11500000,124.158950805664,0,0
3.12000000,131.344268798828,0,0
3.12500000,126.206901550293,0,0
3.13000000,127.839096069336,0,0
3.13500000,140.489334106445,0,0
3.14000000,137.367721557617,0,0
3.14500000,131.771209716797,0,0
3.15000000,135.829315185547,0,0
3.15500000,135.477951049805,0,0
3.16000000,123.209869384766,0,0
3.16500000,124.304534912109,0,0
3.17000000,129.089141845703,0,0
3.17500000,124.564903259277,0,0
3.18000000,125.581176757813,0,0
3.18500000,138.809539794922,0,0
3.19000000,141.522415161133,0,0
3.19500000,128.79377746582,0,0
3.20000000,127.771903991699,0,0
3.20500000,133.744964599609,0,0
3.21000000,126.451866149902,0,0
3.21500000,123.390449523926,0,0
3.22000000,131.729217529297,0,0
3.22500000,133.735168457031,0,0
3.23000000,124.43611907959,0,0
3.23500000,129.689666748047,0,0
3.24000000,137.776473999023,0,0
3.24500000,130.598159790039,0,0
3.25000000,131.263076782227,0,0
3.25500000,138.750747680664,0,0
3.26000000,134.68424987793,0,0
3.26500000,124.800071716309,0,0
3.27000000,126.570854187012,0,0
3.27500000,126.681442260742,0,0
3.28000000,121.300506591797,0,0
3.28500000,130.190811157227,0,0
3.29000000,141.025466918945,0,0
3.29500000,135.662734985352,0,0
3.30000000,129.038757324219,0,0
3.30500000,135.274978637695,0,0
3.31000000,129.779266357422,0,0
3.31500000,122.89070892334,0,0
3.32000000,126.85221862793,0,0
3.32500000,131.790817260742,0,0
3.33000000,124.531303405762,0,0
3.33500000,121.420890808105,0,0
3.34000000,129.544082641602,0,0
3.34500000,127.811103820801,0,0
3.35000000,128.336044311523,0,0
3.35500000,140.254165649414,0,0
3.36000000,143.146209716797,0,0
3.36500000,134.719253540039,0,0
3.37000000,132.934463500977,0,0
3.37500000,129.710662841797,0,0
3.38000000,118.246078491211,0,0
3.38500000,121.0107421875,0,0
3.39000000,128.757385253906,0,0
3.39500000,127.014602661133,0,0
3.40000000,127.508735656738,0,0
3.40500000,134.719253540039,0,0
3.41000000,137.644882202148,0,0
3.41500000,134.09912109375,0,0
3.42000000,138.19921875,0,0
3.42500000,134.965621948242,0,0
3.43000000,124.247138977051,0,0
3.43500000,119.633308410645,0,0
3.44000000,121.815643310547,0,0
3.44500000,121.783447265625,0,0
3.45000000,126.219497680664,0,0
3.45500000,138.841735839844,0,0
3.46000000,140.825302124023,0,0
3.46500000,134.216705322266,0,0
3.47000000,135.798522949219,0,0
3.47500000,132.486526489258,0,0
3.48000000,124.532707214355,0,0
3.48500000,126.096313476563,0,0
3.49000000,129.334106445312,0,0
3.49500000,123.271461486816,0,0
3.50000000,122.752128601074,0,0
3.50500000,132.223358154297,0,0
3.51000000,130.424575805664,0,0
3.51500000,133.484603881836,0,0
3.52000000,140.396942138672,0,0
3.52500000,136.669204711914,0,0
3.53000000,129.061141967773,0,0
3.53500000,126.997802734375,0,0
3.54000000,126.799026489258,0,0
3.54500000,121.95002746582,0,0
3.55000000,128.581008911133,0,0
3.55500000,139.235092163086,0,0
3.56000000,136.942169189453,0,0
3.56500000,133.583984375,0,0
3.57000000,134.855026245117,0,0
3.57500000,130.498764038086,0,0
3.58000000,126.731834411621,0,0
3.58500000,131.165084838867,0,0
3.59000000,132.289154052734,0,0
3.59500000,123.852386474609,0,0
3.60000000,124.195350646973,0,0
3.60500000,127.644523620605,0,0
3.61000000,125.028244018555,0,0
3.61500000,134.257308959961,0,0
3.62000000,143.734130859375,0,0
3.62500000,140.618118286133,0,0
3.63000000,133.064651489258,0,0
3.63500000,129.24592590332,0,0
3.64000000,119.834884643555,0,0
3.64500000,116.290519714355,0,0
3.65000000,125.504188537598,0,0
3.65500000,131.272872924805,0,0
3.66000000,131.012512207031,0,0
3.66500000,131.086700439453,0,0
3.67000000,134.545669555664,0,0
3.67500000,129.084945678711,0,0
3.68000000,134.006744384766,0,0
3.68500000,137.612686157227,0,0
3.69000000,131.834197998047,0,0
3.69500000,126.42667388916,0,0
3.70000000,125.492988586426,0,0
3.70500000,122.834716796875,0,0
3.71000000,120.834365844727,0,0
3.71500000,133.03385925293,0,0
3.72000000,138.323806762695,0,0
3.72500000,133.980133056641,0,0
3.73000000,133.974548339844,0,0
3.73500000,130.914520263672,0,0
3.74000000,122.761924743652,0,0
3.74500000,124.346527099609,0,0
3.75000000,130.136215209961,0,0
3.75500000,130.158615112305,0,0
3.76000000,128.067276000977,0,0
3.76500000,132.704895019531,0,0
3.77000000,130.616348266602,0,0
3.77500000,127.883895874023,0,0
3.78000000,134.041732788086,0,0
3.78500000,132.973663330078,0,0
3.79000000,129.839447021484,0,0
3.79500000,127.522735595703,0,0
3.80000000,126.171905517578,0,0
3.80500000,118.97119140625,0,0
3.81000000,123.093681335449,0,0
3.81500000,134.215316772461,0,0
3.82000000,135.423355102539,0,0
3.82500000,136.03369140625,0,0
3.83000000,135.945495605469,0,0
3.83500000,128.21565246582,0,0
3.84000000,122.600944519043,0,0
3.84500000,128.497024536133,0,0
3.85000000,132.010589599609,0,0
3.85500000,126.551254272461,0,0
3.86000000,124.751075744629,0,0
3.86500000,124.147750854492,0,0
3.87000000,122.532356262207,0,0
3.87500000,130.476379394531,0,0
3.88000000,141.060470581055,0,0
3.88500000,139.652236938477,0,0
3.89000000,133.119247436523,0,0
3.89500000,130.550567626953,0,0
3.90000000,120.238037109375,0,0
3.90500000,115.365234375,0,0
3.91000000,122.77172088623,0,0
3.91500000,129.483901977539,0,0
3.92000000,129.121337890625,0,0
3.92500000,132.081970214844,0,0
3.93000000,132.186965942383,0,0
3.93500000,122.28458404541,0,0
3.94000000,126.472869873047,0,0
3.94500000,132.160369873047,0,0
3.95000000,129.82405090332,0,0
3.95500000,125.649765014648,0,0
3.96000000,123.750205993652,0,0
3.96500000,121.201118469238,0,0
3.97000000,119.771896362305,0,0
3.97500000,132.584518432617,0,0
3.98000000,137.793273925781,0,0
3.98500000,133.726776123047,0,0
3.99000000,132.002182006836,0,0
3.99500000,127.711715698242,0,0
4.00000000,118.733222961426,0,0
4.00500000,116.97924041748,0,0
4.01000000,124.730079650879,0,0
4.01500000,125.90453338623,0,0
4.02000000,127.32536315918,0,0
4.02500000,134.864837646484,0,0
4.03000000,133.080047607422,0,0
4.03500000,128.674789428711,0,0
4.04000000,134.636657714844,0,0
4.04500000,135.134994506836,0,0
4.05000000,129.937438964844,0,0
4.05500000,127.550735473633,0,0
4.06000000,126.801826477051,0,0
4.06500000,119.39673614502,0,0
4.07000000,120.820365905762,0,0
4.07500000,130.92431640625,0,0
4.08000000,132.329742431641,0,0
4.08500000,132.245758056641,0,0
4.09000000,135.75651550293,0,0
4.09500000,132.8798828125,0,0
4.10000000,127.745307922363,0,0
4.10500000,130.934112548828,0,0
4.11000000,132.839279174805,0,0
4.11500000,127.309967041016,0,0
4.12000000,125.141632080078,0,0
4.12500000,130.087219238281,0,0
4.13000000,127.013198852539,0,0
4.13500000,129.796051025391,0,0
4.14000000,139.186096191406,0,0
4.14500000,137.973846435547,0,0
4.15000000,130.873916625977,0,0
4.15500000,132.349334716797,0,0
4.16000000,128.028076171875,0,0
4.16500000,120.039260864258,0,0
4.17000000,124.315734863281,0,0
4.17500000,131.769805908203,0,0
4.18000000,131.825805664062,0,0
4.18500000,131.608825683594,0,0
4.19000000,136.991165161133,0,0
4.19500000,130.831924438477,0,0
4.20000000,128.162460327148,0,0
4.20500000,133.88215637207,0,0
4.21000000,133.341812133789,0,0
4.21500000,126.367881774902,0,0
4.22000000,124.541107177734,0,0
4.22500000,123.061485290527,0,0
4.23000000,116.591484069824,0,0
4.23500000,125.341804504395,0,0
4.24000000,138.453994750977,0,0
4.24500000,137.867462158203,0,0
4.25000000,134.48127746582,0,0
4.25500000,135.668334960938,0,0
4.26000000,126.433670043945,0,0
4.26500000,120.967346191406,0,0
4.27000000,127.444343566895,0,0
4.27500000,129.370513916016,0,0
4.28000000,124.697883605957,0,0
4.28500000,127.980484008789,0,0
4.29000000,134.062728881836,0,0
4.29500000,129.861846923828,0,0
4.30000000,134.128524780273,0,0
4.30500000,140.119781494141,0,0
4.31000000,135.409362792969,0,0
4.31500000,130.721343994141,0,0
4.32000000,131.543045043945,0,0
4.32500000,131.642425537109,0,0
4.33000000,126.338485717773,0,0
4.33500000,132.534118652344,0,0
4.34000000,138.525375366211,0,0
4.34500000,133.917144775391,0,0
4.35000000,134.817230224609,0,0
4.35500000,137.359329223633,0,0
4.36000000,128.007080078125,0,0
4.36500000,124.843467712402,0,0
4.37000000,130.407775878906,0,0
4.37500000,129.78205871582,0,0
4.38000000,123.345649719238,0,0
4.38500000,129.145141601562,0,0
4.39000000,132.377334594727,0,0
4.39500000,128.48161315918,0,0
4.40000000,135.55354309082,0,0
4.40500000,142.49528503418,0,0
4.41000000,132.451522827148,0,0
4.41500000,125.299812316895,0,0
4.42000000,127.175582885742,0,0
4.42500000,122.252388000488,0,0
4.43000000,117.299797058105,0,0
4.43500000,124.675491333008,0,0
4.44000000,129.160537719727,0,0
4.44500000,123.992370605469,0,0
4.45000000,127.028594970703,0,0
4.45500000,134.834030151367,0,0
4.46000000,129.980834960938,0,0
4.46500000,129.086349487305,0,0
4.47000000,136.211471557617,0,0
4.47500000,132.269546508789,0,0
4.48000000,121.0107421875,0,0
4.48500000,122.956497192383,0,0
4.49000000,124.882659912109,0,0
4.49500000,120.713973999023,0,0
4.50000000,130.106811523438,0,0
4.50500000,143.270797729492,0,0
4.51000000,137.594497680664,0,0
4.51500000,133.204635620117,0,0
4.52000000,134.818634033203,0,0
4.52500000,125.728157043457,0,0
4.53000000,121.350898742676,0,0
4.53500000,129.30891418457,0,0
4.54000000,132.014785766602,0,0
4.54500000,125.252220153809,0,0
4.55000000,125.66096496582,0,0
4.55500000,132.913467407227,0,0
4.56000000,130.080215454102,0,0
4.56500000,133.849960327148,0,0
4.57000000,142.433700561523,0,0
4.57500000,135.461151123047,0,0
4.58000000,126.247497558594,0,0
4.58500000,124.399719238281,0,0
4.59000000,125.159828186035,0,0
4.59500000,117.460777282715,0,0
4.60000000,123.359649658203,0,0
4.60500000,137.437713623047,0,0
4.61000000,139.499664306641,0,0
4.61500000,145.406936645508,0,0
4.62000000,161.380355834961,0,0
4.62500000,175.696395874023,0,0
4.63000000,191.503234863281,0,0
4.63500000,231.172943115234,0,0
4.64000000,287.01904296875,0,0
4.64500000,334.105041503906,0,0
4.65000000,384.545013427734,0,0
4.65500000,412.937713623047,0,0
4.66000000,424.392517089844,0,0
4.66500000,430.198974609375,0,0
4.67000000,434.607055664063,0,0
4.67500000,409.118988037109,0,0
4.68000000,362.660125732422,0,0
4.68500000,328.106781005859,0,0
4.69000000,305.06982421875,0,0
4.69500000,290.840576171875,0,0
4.70000000,292.384582519531,0,0
4.70500000,299.938049316406,0,0
4.71000000,291.765869140625,0,0
4.71500000,274.395416259766,0,0
4.72000000,263.426361083984,0,0
4.72500000,257.297912597656,0,0
4.73000000,248.270431518555,0,0
4.73500000,262.466094970703,0,0
4.74000000,276.271179199219,0,0
4.74500000,280.126312255859,0,0
4.75000000,285.526824951172,0,0
4.75500000,308.770965576172,0,0
4.76000000,324.605804443359,0,0
4.76500000,329.519195556641,0,0
4.77000000,348.568054199219,0,0
4.77500000,360.803955078125,0,0
4.78000000,353.898590087891,0,0
4.78500000,346.937255859375,0,0
4.79000000,346.487915039063,0,0
4.79500000,334.124633789063,0,0
4.80000000,320.249542236328,0,0
4.80500000,312.397918701172,0,0
4.81000000,301.825042724609,0,0
4.81500000,280.071716308594,0,0
4.82000000,268.611328125,0,0
4.82500000,270.939239501953,0,0
4.83000000,268.586120605469,0,0
4.83500000,274.965148925781,0,0
4.84000000,294.118988037109,0,0
4.84500000,305.360992431641,0,0
4.85000000,305.925109863281,0,0
4.85500000,313.818756103516,0,0
4.86000000,330.800048828125,0,0
4.86500000,330.172943115234,0,0
4.87000000,334.900146484375,0,0
4.87500000,350.427032470703,0,0
4.88000000,347.103851318359,0,0
4.88500000,326.733551025391,0,0
4.89000000,319.993377685547,0,0
4.89500000,314.104309082031,0,0
4.90000000,294.765686035156,0,0
4.90500000,282.326843261719,0,0
4.91000000,286.061584472656,0,0
4.91500000,281.023590087891,0,0
4.92000000,276.901092529297,0,0
4.92500000,288.705841064453,0,0
4.93000000,305.549957275391,0,0
4.93500000,316.195648193359,0,0
4.94000000,330.795867919922,0,0
4.94500000,354.296142578125,0,0
4.95000000,356.59326171875,0,0
4.95500000,344.501556396484,0,0
4.96000000,340.559661865234,0,0
4.96500000,336.411956787109,0,0
4.97000000,316.924957275391,0,0
4.97500000,307.263366699219,0,0
4.98000000,311.294860839844,0,0
4.98500000,303.345245361328,0,0
4.99000000,288.857025146484,0,0
4.99500000,290.121063232422,0,0
5.00000000,300.156433105469,0,0
5.00500000,291.824676513672,0,0
5.01000000,292.296417236328,0,0
5.01500000,306.1630859375,0,0
5.02000000,306.574645996094,0,0
5.02500000,299.176544189453,0,0
5.03000000,308.258636474609,0,0
5.03500000,323.569946289063,0,0
5.04000000,321.681579589844,0,0
5.04500000,324.814392089844,0,0
5.05000000,339.061828613281,0,0
5.05500000,334.422790527344,0,0
5.06000000,320.210357666016,0,0
5.06500000,318.944915771484,0,0
5.07000000,315.527923583984,0,0
5.07500000,300.45458984375,0,0
5.08000000,295.633605957031,0,0
5.08500000,303.532806396484,0,0
5.09000000,300.922149658203,0,0
5.09500000,291.886260986328,0,0
5.10000000,297.678741455078,0,0
5.10500000,310.601959228516,0,0
5.11000000,309.287506103516,0,0
5.11500000,316.416839599609,0,0
5.12000000,339.403381347656,0,0
5.12500000,357.333770751953,0,0
5.13000000,369.863647460937,0,0
5.13500000,396.548553466797,0,0
5.14000000,439.138275146484,0,0
5.14500000,462.799560546875,0,0
5.15000000,483.113861083984,0,0
5.15500000,505.313720703125,0,0
5.16000000,522.387390136719,0,0
5.16500000,517.441833496094,0,0
5.17000000,520.081909179687,0,0
5.17500000,532.296813964844,0,0
5.18000000,538.260070800781,0,0
5.18500000,541.954223632812,0,0
5.19000000,561.723937988281,0,0
5.19500000,587.160217285156,0,0
5.20000000,617.679260253906,0,0
5.20500000,659.555114746094,0,0
5.21000000,713.592590332031,0,0
5.21500000,765.172058105469,0,0
5.22000000,805.088134765625,0,0
5.22500000,838.6181640625,0,0
5.23000000,863.001770019531,0,0
5.23500000,864.754333496094,0,0
5.24000000,851.015075683594,0,0
5.24500000,843.810119628906,0,0
5.25000000,833.328247070312,0,0
5.25500000,826.684631347656,0,0
5.26000000,849.739807128906,0,0
5.26500000,906.651184082031,0,0
5.27000000,997.565795898438,0,0
5.27500000,1119.73706054688,0,0
5.28000000,1527.05749511719,0,0
5.28500000,2461.607421875,0,0
5.29000000,3261.36791992188,0,0
5.29500000,3522.974609375,0,0
5.30000000,3531.3623046875,0,0
5.30500000,3386.73779296875,0,0
5.31000000,2978.15893554687,0,0
5.31500000,2501.83422851562,0.652656719492457,0
5.32000000,2088.3896484375,0.67988040521347,0.0245901639142704
5.32500000,1714.03796386719,0.707104090934484,0.0245901639142704
5.33000000,1406.54626464844,0.734327776655498,0.0245901639142704
5.33500000,1129.24890136719,0.761551462376512,0.0245901639142704
5.34000000,943.678039550781,0.788775148097526,0.0491803278285407
5.34500000,869.1162109375,0.81599883381854,0.0491803278285407
5.35000000,888.482849121094,0.843222519539553,0.0491803278285407
5.35500000,975.7802734375,0.870446205260567,0.0491803278285407
5.36000000,1124.15771484375,0.841004013521076,0.0737704917428111
5.36500000,1274.94299316406,0.789081957950302,0.0737704917428111
5.37000000,1424.41235351562,0.737159902379528,0.0737704917428111
5.37500000,1577.68920898438,0.685237846808754,0.0737704917428111
5.38000000,1779.69970703125,0.63331579123798,0.0737704917428111
5.38500000,2000.59802246094,0.581393735667206,0.0737704917428111
5.39000000,2188.68994140625,0.588864187513554,0.0983606556570814
5.39500000,2248.580078125,0.603482242921656,0.0983606556570814
5.40000000,2215.32446289062,0.618100298329758,0.0983606556570814
5.40500000,2085.8544921875,0.63271835373786,0.0983606556570814
5.41000000,1864.58935546875,0.647336409145962,0.0983606556570814
5.41500000,1606.35339355469,0.699439660916055,0.122950819571352
5.42000000,1354.26831054688,0.764540970143038,0.122950819571352
5.42500000,1133.48059082031,0.829642279370021,0.122950819571352
5.43000000,951.994384765625,0.894743588597004,0.122950819571352
5.43500000,823.057678222656,0.970863773943686,0.147540983485622
5.44000000,757.712341308594,1.04702864571094,0.147540983485622
5.44500000,742.744018554687,1.12245377235592,0.172131147399892
5.45000000,780.613525390625,1.11424584336412,0.172131147399892
5.45500000,865.193908691406,1.10603791437231,0.172131147399892
5.46000000,982.335632324219,1.0978299853805,0.172131147399892
5.46500000,1073.51196289062,1.06576579792953,0.196721311314163
5.47000000,1138.150390625,1.03253322346687,0.196721311314163
5.47500000,1179.025390625,0.999300649004211,0.196721311314163
5.48000000,1213.84045410156,0.97791916627462,0.221311475228433
5.48500000,1274.6826171875,0.966377378464276,0.221311475228433
5.49000000,1391.50939941406,0.954835590653931,0.221311475228433
5.49500000,1461.27258300781,0.943293802843587,0.221311475228433
5.50000000,1445.58605957031,1.01392586505046,0.245901639142704
5.50500000,1354.93469238281,1.08528721580438,0.245901639142704
5.51000000,1244.60168457031,1.15150374915897,0.270491803056974
5.51500000,1126.49401855469,1.15699002780299,0.270491803056974
5.52000000,1012.45855712891,1.16247630644702,0.270491803056974
5.52500000,913.361938476563,1.16725882954492,0.295081966971244
5.53000000,836.746643066406,1.16930135978153,0.295081966971244
5.53500000,768.384643554687,1.17134389001814,0.295081966971244
5.54000000,718.482238769531,1.17411169840073,0.319672130885515
5.54500000,723.497802734375,1.17825692457536,0.319672130885515
5.55000000,769.203552246094,1.18240215074999,0.319672130885515
5.55500000,833.807006835938,1.18441802824352,0.344262294799785
5.56000000,900.433166503906,1.18441918272644,0.344262294799785
5.56500000,974.092041015625,1.18442033720937,0.344262294799785
5.57000000,1037.7744140625,1.17546898161111,0.368852458714055
5.57500000,1075.52355957031,1.16235752073838,0.368852458714055
5.58000000,1093.56030273438,1.14924605986566,0.368852458714055
5.58500000,1113.90539550781,1.14987574403639,0.393442622628326
5.59000000,1113.76818847656,1.15491915384879,0.393442622628326
5.59500000,1077.22436523438,1.15996256366118,0.393442622628326
5.60000000,1011.38067626953,1.18599352655578,0.418032786542596
5.60500000,923.813049316406,1.21522278442845,0.418032786542596
5.61000000,833.217651367187,1.24023942692585,0.442622950456866
5.61500000,760.198486328125,1.24360737531618,0.442622950456866
5.62000000,729.0537109375,1.24697532370652,0.442622950456866
5.62500000,709.380554199219,1.24125613954174,0.467213114371137
5.63000000,683.445922851562,1.2255979575629,0.467213114371137
5.63500000,675.527099609375,1.20993977558406,0.467213114371137
5.64000000,690.207092285156,1.19018124255857,0.491803278285407
5.64500000,705.880981445313,1.16862549576914,0.491803278285407
5.65000000,711.165344238281,1.14706974897972,0.491803278285407
5.65500000,740.262145996094,1.13669695499191,0.516393442199678
5.66000000,787.96826171875,1.12988145461101,0.516393442199678
5.66500000,866.676330566406,1.1230659542301,0.516393442199678
5.67000000,960.947692871094,1.12406782845965,0.540983606113948
5.67500000,1042.599609375,1.12742173572583,0.540983606113948
5.68000000,1082.48352050781,1.13077564299201,0.540983606113948
5.68500000,1098.99584960938,1.12854185972454,0.565573770028218
5.69000000,1094.50805664062,1.12495478912154,0.565573770028218
5.69500000,1069.83740234375,1.12136771851855,0.565573770028218
5.70000000,1028.96948242188,1.126368613343,0.590163933942489
5.70500000,977.874389648438,1.13334535341196,0.590163933942489
5.71000000,936.89306640625,1.14032209348091,0.590163933942489
5.71500000,885.028076171875,1.12272881951171,0.614754097856759
5.72000000,861.394775390625,1.10161400593466,0.614754097856759
5.72500000,841.776184082031,1.08049919235761,0.614754097856759
5.73000000,827.369201660156,1.07187279973985,0.639344261771029
5.73500000,832.852294921875,1.06726797630226,0.639344261771029
5.74000000,883.611450195313,1.06266315286466,0.639344261771029
5.74500000,951.2216796875,1.07002309867387,0.6639344256853
5.75000000,1027.96020507812,1.08551347661391,0.6639344256853
5.75500000,1109.31396484375,1.10100385455394,0.6639344256853
5.76000000,1180.80590820312,1.10601470343011,0.68852458959957
5.76500000,1239.32299804688,1.10306199202795,0.68852458959957
5.77000000,1283.66809082031,1.10010928062579,0.68852458959957
5.77500000,1316.23083496094,1.12334066920376,0.71311475351384
5.78000000,1338.08215332031,1.17111428908598,0.71311475351384
5.78500000,1395.21325683594,1.21888790896821,0.71311475351384
5.79000000,1420.55578613281,1.26183784749522,0.737704917428111
5.79500000,1411.83483886719,1.30348878476392,0.737704917428111
5.80000000,1404.96875,1.34201544289718,0.762295081342381
5.80500000,1410.38745117188,1.37225153374991,0.762295081342381
5.81000000,1407.89575195312,1.40248762460264,0.762295081342381
5.81500000,1418.46728515625,1.4343718874729,0.786885245256651
5.82000000,1446.59252929687,1.4664629018592,0.786885245256651
5.82500000,1461.20397949219,1.47967138524909,0.811475409170922
5.83000000,1477.76672363281,1.48134436289859,0.811475409170922
5.83500000,1486.25390625,1.49176497220993,0.836065573085192
5.84000000,1489.32934570313,1.51781920284453,0.836065573085192
5.84500000,1479.73901367187,1.54189171600786,0.860655736999463
5.85000000,1472.81689453125,1.55694976854623,0.860655736999463
5.85500000,1495.61730957031,1.57137958693396,0.885245900913733
5.86000000,1530.00122070313,1.57284099217416,0.885245900913733
5.86500000,1547.58032226562,1.57430239741436,0.885245900913733
5.87000000,1553.283203125,1.58371184182217,0.909836064828003
5.87500000,1562.84680175781,1.59384626221111,0.909836064828003
5.88000000,1540.12622070313,1.5794366650658,0.934426228742274
5.88500000,1495.82873535156,1.55945716986035,0.934426228742274
5.89000000,1441.17944335938,1.56018217485452,0.959016392656544
5.89500000,1374.72827148438,1.57179988408492,0.959016392656544
5.90000000,1306.98913574219,1.56822555310194,0.983606556570814
5.90500000,1237.94970703125,1.55114159303626,0.983606556570814
5.91000000,1175.64624023438,1.54859538046364,1.00819672048508
5.91500000,1136.74914550781,1.572811151939,1.00819672048508
5.92000000,1122.0888671875,1.58939317108118,1.03278688439936
5.92500000,1121.48828125,1.5823920389865,1.03278688439936
5.93000000,1139.14428710938,1.58141768315659,1.05737704831363
5.93500000,1174.96728515625,1.62585790219244,1.05737704831363
5.94000000,1220.96423339844,1.66124629083894,1.0819672122279
5.94500000,1271.10607910156,1.61868235805116,1.0819672122279
5.95000000,1320.50732421875,1.57611842526338,1.0819672122279
5.95500000,1355.41345214844,1.57713545214513,1.10655737614217
5.96000000,1360.14904785156,1.57926528393075,1.10655737614217
5.96500000,1357.89672851562,1.57680738370332,1.13114754005644
5.97000000,1347.25805664062,1.57355418239055,1.13114754005644
5.97500000,1304.94958496094,1.58465378204307,1.15573770397071
5.98000000,1248.27624511719,1.60133362064781,1.15573770397071
5.98500000,1185.64099121094,1.62609589639222,1.18032786788498
5.99000000,1134.0615234375,1.6555240978342,1.18032786788498
5.99500000,1098.7705078125,1.6754899302144,1.20491803179925
6.00000000,1061.39233398438,1.68970660932251,1.20491803179925
6.00500000,1048.86804199219,1.72198682205649,1.22950819571352
6.01000000,1058.14331054688,1.76427426048995,1.22950819571352
6.01500000,1075.64819335938,1.80106873557133,1.25409835962779
6.02000000,1077.65832519531,1.83607134090476,1.25409835962779
6.02500000,1094.94750976562,1.83729898044266,1.27868852354206
6.03000000,1137.07678222656,1.83579664552453,1.30327868745633
6.03500000,1172.3818359375,1.83262009109152,1.30327868745633
6.04000000,1191.75122070312,1.82962950557858,1.3278688513706
6.04500000,1216.84448242188,1.82713695019073,1.3278688513706
6.05000000,1234.14221191406,1.82267706791522,1.35245901528487
6.05500000,1236.39587402344,1.81566449939513,1.35245901528487
6.06000000,1225.41979980469,1.81681282841898,1.37704917919914
6.06500000,1223.86889648438,1.82373934297368,1.37704917919914
6.07000000,1219.58959960938,1.82855207297625,1.40163934311341
6.07500000,1204.22229003906,1.83265486953628,1.40163934311341
6.08000000,1197.51293945312,1.86789774511355,1.42622950702768
6.08500000,1199.56787109375,1.91084112919583,1.45081967094195
6.09000000,1200.134765625,1.98097263986479,1.45081967094195
6.09500000,1189.37426757812,2.03013833210711,1.47540983485622
6.10000000,1186.46264648438,2.05762253071729,1.47540983485622
6.10500000,1207.86462402344,2.05631218765089,1.49999999877049
6.11000000,1220.93200683594,2.04287224660586,1.52459016268476
6.11500000,1237.02856445312,2.00397749361253,1.52459016268476
6.12000000,1284.41552734375,1.98532780093443,1.54918032659903
6.12500000,1319.25024414062,1.98375865679584,1.54918032659903
6.13000000,1341.45568847656,1.99452424062226,1.5737704905133
6.13500000,1365.73718261719,1.99962887585679,1.59836065442757
6.14000000,1397.75817871094,1.96906295064881,1.59836065442757
6.14500000,1402.23901367188,1.98323459416144,1.62295081834184
6.15000000,1405.71337890625,2.04944759064076,1.62295081834184
6.15500000,1433.06042480469,2.04296658120187,1.64754098225611
6.16000000,1450.44067382813,2.0222996412728,1.67213114617038
6.16500000,1466.00817871094,2.00254324447915,1.67213114617038
6.17000000,1474.7109375,2.02136350946761,1.69672131008465
6.17500000,1489.42309570313,2.07926246596355,1.69672131008465
6.18000000,1475.35620117187,2.05672768465194,1.72131147399893
6.18500000,1446.99011230469,2.05072581433803,1.7459016379132
6.19000000,1424.10290527344,2.12942430829035,1.7459016379132
6.19500000,1411.23718261719,2.13381394600506,1.77049180182747
6.20000000,1396.755859375,2.10755224959442,1.79508196574174
6.20500000,1394.11584472656,2.12091221186006,1.79508196574174
6.21000000,1389.16040039062,2.14271937745498,1.81967212965601
6.21500000,1367.59045410156,2.17250659627103,1.81967212965601
6.22000000,1375.76965332031,2.15107253616701,1.84426229357028
6.22500000,1417.39074707031,2.14896178135021,1.86885245748455
6.23000000,1454.80810546875,2.17777784821859,1.86885245748455
6.23500000,1479.61865234375,2.25633955742618,1.89344262139882
6.24000000,1505.41467285156,2.30872326238007,1.91803278531309
6.24500000,1539.97082519531,2.31272567231911,1.91803278531309
6.25000000,1558.53955078125,2.36571259249926,1.94262294922736
6.25500000,1563.72448730469,2.3654799287753,1.96721311314163
6.26000000,1557.17468261719,2.33660603373152,1.9918032770559
6.26500000,1542.580078125,2.41835582064061,1.9918032770559
6.27000000,1532.91015625,2.42696766073282,2.01639344097017
6.27500000,1530.0810546875,2.44574600175213,2.04098360488444
6.28000000,1517.3173828125,2.52627889981664,2.06557376879871
6.28500000,1491.02868652344,2.52679168106416,2.06557376879871
6.29000000,1448.40112304687,2.60311188456397,2.09016393271298
6.29500000,1423.34838867188,2.63120497021849,2.11475409662725
6.30000000,1403.39245605469,2.57383396868266,2.13934426054152
6.30500000,1400.59143066406,2.61693579016066,2.13934426054152
6.31000000,1402.02490234375,2.64466510701504,2.16393442445579
6.31500000,1418.38879394531,2.68220893797439,2.18852458837006
6.32000000,1422.67236328125,2.70924312093783,2.21311475228433
6.32500000,1447.22253417969,2.69968524934188,2.2377049161986
6.33000000,1484.68041992187,2.66921429858871,2.2377049161986
6.33500000,1511.31359863281,2.65945690882483,2.26229508011287
6.34000000,1531.95678710938,2.66394972516181,2.28688524402714
6.34500000,1554.45910644531,2.66640859414466,2.31147540794141
6.35000000,1548.33898925781,2.65218781911157,2.33606557185568
6.35500000,1526.29174804687,2.65237580365555,2.33606557185568
6.36000000,1496.17163085938,2.67521420744471,2.36065573576995
6.36500000,1449.11779785156,2.67403041213969,2.38524589968422
6.37000000,1416.23034667969,2.6660946254683,2.4098360635985
6.37500000,1387.97338867188,2.69232833646439,2.43442622751277
6.38000000,1369.54052734375,2.69779131667491,2.43442622751277
6.38500000,1339.17541503906,2.67213231182217,2.45901639142704
6.39000000,1309.69091796875,2.69206034402529,2.48360655534131
6.39500000,1295.50634765625,2.72511031263372,2.50819671925558
6.40000000,1284.36242675781,2.70134764679221,2.53278688316985
6.40500000,1284.38623046875,2.70348807172944,2.53278688316985
6.41000000,1300.29382324219,2.67331477521303,2.55737704708412
6.41500000,1322.30895996094,2.65737558525266,2.58196721099839
6.42000000,1336.92724609375,2.6589503403687,2.60655737491266
6.42500000,1352.17846679688,2.66550186379987,2.63114753882693
6.43000000,1373.55651855469,2.64436935589423,2.63114753882693
6.43500000,1384.07763671875,2.70392718041352,2.6557377027412
6.44000000,1382.8486328125,2.72958657806948,2.68032786665547
6.44500000,1384.17846679688,2.7159112701633,2.70491803056974
6.45000000,1381.37316894531,2.71623101359129,2.72950819448401
6.45500000,1359.11596679688,2.81397649417923,2.72950819448401
6.46000000,1319.42529296875,2.77818544811207,2.75409835839828
6.46500000,1284.83410644531,2.88458335709848,2.77868852231255
6.47000000,1249.06018066406,2.91143531341205,2.80327868622682
6.47500000,1237.45971679688,2.86015500701992,2.82786885014109
6.48000000,1226.67272949219,2.87740267906119,2.85245901405536
6.48500000,1221.69775390625,2.9351027583699,2.87704917796963
6.49000000,1226.68530273438,2.86861029002443,2.87704917796963
6.49500000,1253.04968261719,2.84144066486272,2.9016393418839
6.50000000,1283.02697753906,2.88451048971552,2.92622950579817
6.50500000,1300.96850585938,2.88407300683172,2.95081966971244
6.51000000,1317.09033203125,2.88112493979453,2.97540983362671
6.51500000,1333.87426757812,2.9233115042905,2.99999999754098
6.52000000,1331.47216796875,2.90352554079043,3.02459016145525
6.52500000,1325.185546875,3.03477226767803,3.02459016145525
6.53000000,1343.69262695312,2.97573730865932,3.04918032536952
6.53500000,1365.11279296875,3.060754246573,3.07377048928379
6.54000000,1381.90368652344,3.12289079878473,3.09836065319807
6.54500000,1407.00268554688,3.16963034291022,3.12295081711234
6.55000000,1411.46948242188,3.12655519405556,3.14754098102661
6.55500000,1396.63549804688,3.10397074006513,3.17213114494088
6.56000000,1391.13696289062,3.11883466039747,3.19672130885515
6.56500000,1399.36242675781,3.14090062081919,3.22131147276942
6.57000000,1392.06091308594,3.18430582553759,3.24590163668369
6.57500000,1387.91455078125,3.18858558637591,3.27049180059796
6.58000000,1389.0498046875,3.16234503139258,3.29508196451223
6.58500000,1378.85498046875,3.19382379004986,3.3196721284265
6.59000000,1363.04528808594,3.21028561268393,3.34426229234077
6.59500000,1355.125,3.21642091017119,3.36885245625504
6.60000000,1359.48266601562,3.24302222098253,3.39344262016931
6.60500000,1355.64721679688,3.30819612166222,3.41803278408358
6.61000000,1344.84057617188,3.29692719882001,3.44262294799785
6.61500000,1328.73132324219,3.3109372274457,3.46721311191212
6.62000000,1302.49572753906,3.34169853790268,3.49180327582639
6.62500000,1278.37255859375,3.27308803609127,3.51639343974066
6.63000000,1271.40002441406,3.34876226673613,3.54098360365493
6.63500000,1278.67492675781,3.29743607177974,3.54098360365493
6.64000000,1278.38928222656,3.27485312977749,3.5655737675692
6.64500000,1293.65588378906,3.29352090212521,3.59016393148347
6.65000000,1304.01879882812,3.26630122081228,3.61475409539774
6.65500000,1296.41064453125,3.29684322152199,3.63934425931201
6.66000000,1290.39001464844,3.24295171348717,3.66393442322628
6.66500000,1302.8134765625,3.28849600576246,3.68852458714055
6.67000000,1304.30297851562,3.23633381247303,3.71311475105482
6.67500000,1287.39855957031,3.21845522739459,3.73770491496909
6.68000000,1260.0361328125,3.32392116477588,3.76229507888336
6.68500000,1224.712890625,3.27898344435308,3.78688524279764
6.69000000,1183.97241210938,3.38830468211905,3.81147540671191
6.69500000,1145.90686035156,3.3433738268858,3.83606557062618
6.70000000,1125.11938476562,3.29628786225355,3.86065573454045
6.70500000,1103.04833984375,3.36538239393857,3.88524589845472
6.71000000,1094.36108398438,3.33953700756331,3.90983606236899
6.71500000,1101.32373046875,3.3339805204155,3.93442622628326
6.72000000,1106.71875,3.37747501571708,3.95901639019753
6.72500000,1107.26599121094,3.40340797952958,3.9836065541118
6.73000000,1113.33850097656,3.45297315015851,4.00819671802607
6.73500000,1133.80261230469,3.43699569273154,4.03278688194034
6.74000000,1146.88537597656,3.54510977208274,4.05737704585461
6.74500000,1169.72912597656,3.43687321691576,4.08196720976888
6.75000000,1196.23486328125,3.49706026582884,4.10655737368315
6.75500000,1217.755859375,3.43551838644456,4.13114753759742
6.76000000,1228.6044921875,3.46188976902258,4.18032786542596
6.76500000,1241.51782226562,3.49154029911378,4.20491802934023
6.77000000,1247.97668457031,3.46553760497231,4.2295081932545
6.77500000,1229.89367675781,3.48793842770695,4.25409835716877
6.78000000,1215.08215332031,3.51255792622846,4.27868852108304
6.78500000,1183.81420898438,3.52288649617183,4.30327868499731
6.79000000,1140.72607421875,3.4917494272672,4.32786884891158
6.79500000,1110.4072265625,3.56651831855656,4.35245901282585
6.80000000,1097.78784179688,3.56602969573317,4.37704917674012
6.80500000,1092.37048339844,3.58478647408413,4.40163934065439
6.81000000,1087.88256835938,3.5951739751252,4.42622950456866
6.81500000,1099.22265625,3.58392402247717,4.45081966848294
6.82000000,1109.5771484375,3.56462858713454,4.47540983239721
6.82500000,1139.62023925781,3.57200437096862,4.49999999631148
6.83000000,1168.07592773438,3.53140660881055,4.52459016022575
6.83500000,1188.70092773438,3.60099640361374,4.54918032414002
6.84000000,1201.42407226562,3.6185542780307,4.57377048805429
6.84500000,1211.82336425781,3.60717469277495,4.59836065196856
6.85000000,1206.93090820312,3.6104677210409,4.6475409797971
6.85500000,1192.80529785156,3.61840500232416,4.67213114371137
6.86000000,1176.73388671875,3.63203063925959,4.69672130762564
6.86500000,1163.37951660156,3.62327525115763,4.72131147153991
6.87000000,1176.54626464844,3.68721049627239,4.74590163545418
6.87500000,1178.27502441406,3.61954486655888,4.77049179936845
6.88000000,1161.32177734375,3.68290978034031,4.79508196328272
6.88500000,1120.48461914062,3.66660763133004,4.81967212719699
6.89000000,1089.07666015625,3.77398997575559,4.84426229111126
6.89500000,1063.59985351562,3.67967373286826,4.86885245502553
6.90000000,1046.30078125,3.665452249009,4.8934426189398
6.90500000,1041.54699707031,3.69290180000939,4.94262294676834
6.91000000,1029.40209960938,3.71320953479854,4.96721311068261
6.91500000,1024.36401367188,3.70833009611607,4.99180327459688
6.92000000,1007.13220214844,3.72138277913651,5.01639343851115
6.92500000,1005.81634521484,3.69184843802853,5.04098360242542
6.93000000,1017.09478759766,3.66940548745143,5.06557376633969
6.93500000,1020.11700439453,3.74825649182022,5.09016393025396
6.94000000,1023.57873535156,3.68114554609842,5.11475409416823
6.94500000,1010.86413574219,3.79560586482535,5.1393442580825
6.95000000,995.997985839844,3.82415438705357,5.18852458591105
6.95500000,973.368347167969,3.8215043199728,5.21311474982532
6.96000000,955.582153320312,3.78666947625327,5.23770491373959
6.96500000,928.027954101562,3.82238380345225,5.26229507765386
6.97000000,893.660766601562,3.82964753423535,5.28688524156813
6.97500000,864.036254882813,3.88129228197078,5.3114754054824
6.98000000,839.71142578125,3.80049328114793,5.33606556939667
6.98500000,832.054382324219,3.81605457908444,5.38524589722521
6.99000000,830.289245605469,3.84370706157889,5.40983606113948
6.99500000,837.123168945313,3.86915758098022,5.43442622505375
7.00000000,843.910949707031,3.89502305458549,5.45901638896802
7.00500000,851.006652832031,3.91548540992316,5.48360655288229
7.01000000,851.796142578125,3.93904810534567,5.50819671679656
7.01500000,847.456726074219,3.91543893239166,5.5573770446251
7.02000000,844.169921875,3.89679810568619,5.58196720853937
7.02500000,833.23583984375,3.89114105723523,5.60655737245364
7.03000000,820.732604980469,3.81796178169832,5.63114753636791
7.03500000,797.527648925781,3.74928393359098,5.65573770028218
7.04000000,786.109252929688,3.75642269070805,5.68032786419645
7.04500000,767.417358398438,3.7636790850104,5.70491802811072
7.05000000,754.387756347656,3.71726286606579,5.72950819202499
7.05500000,760.860595703125,3.74414643680211,5.77868851985353
7.06000000,767.469177246094,3.7357524446238,5.8032786837678
7.06500000,765.411437988281,3.67284713307156,5.82786884768207
7.07000000,754.246398925781,3.69182954304773,5.85245901159634
7.07500000,743.137390136719,3.73249108911916,5.87704917551062
7.08000000,727.837280273437,3.73729082154991,5.90163933942489
7.08500000,726.451416015625,3.71638808651833,5.92622950333916
7.09000000,725.181762695313,3.78203238505552,5.95081966725343
7.09500000,719.331909179688,3.78867995692748,5.99999999508197
7.10000000,713.398010253906,3.79193624171463,6.02459015899624
7.10500000,711.882019042969,3.81402608359392,6.04918032291051
7.11000000,709.065551757812,3.82285979834022,6.07377048682478
7.11500000,701.430908203125,3.79713955902578,6.09836065073905
7.12000000,711.779846191406,3.84518631950158,6.12295081465332
7.12500000,727.814880371094,3.73414962037796,6.14754097856759
7.13000000,737.966430664062,3.82575758130136,6.17213114248186
7.13500000,731.515991210937,3.81941036461521,6.2213114703104
7.14000000,718.093078613281,3.77371903088144,6.24590163422467
7.14500000,695.460632324219,3.66854113512597,6.27049179813894
7.15000000,676.301208496094,3.72008360490429,6.29508196205321
7.15500000,662.804077148438,3.78628994679984,6.31967212596748
7.16000000,643.819641113281,3.87776315975971,6.34426228988175
7.16500000,633.11376953125,3.80642523793689,6.36885245379602
7.17000000,632.53564453125,3.84808320055613,6.39344261771029
7.17500000,648.797424316406,3.84188818962851,6.44262294553883
7.18000000,669.251708984375,3.8271158467371,6.4672131094531
7.18500000,704.667297363281,3.81558818746859,6.49180327336737
7.19000000,731.938781738281,3.81730018106926,6.51639343728164
7.19500000,737.230102539063,3.82290101428058,6.54098360119592
7.20000000,722.069946289063,3.82694834589422,6.56557376511018
7.20500000,708.099670410156,3.75671335418068,6.59016392902446
7.21000000,693.236328125,3.80523227417475,6.639344256853
7.21500000,676.012878417969,3.85940883168254,6.66393442076727
7.22000000,663.478820800781,3.88813173097238,6.68852458468154
7.22500000,646.743835449219,3.89719498957897,6.71311474859581
7.23000000,631.382141113281,3.91798757358193,6.73770491251008
7.23500000,605.28515625,3.86431567165606,6.76229507642435
7.24000000,594.985229492188,3.88812050329072,6.81147540425289
7.24500000,594.832641601562,3.88661329605993,6.83606556816716
7.25000000,609.208923339844,3.82649529645499,6.86065573208143
7.25500000,644.652526855469,3.82916985686431,6.8852458959957
7.26000000,687.837219238281,3.88423438775383,6.90983605990997
7.26500000,703.677612304687,3.82217609583012,6.93442622382424
7.27000000,690.632629394531,3.78263876094336,6.95901638773851
7.27500000,673.171203613281,3.80279236999116,7.00819671556705
7.28000000,642.789367675781,3.81520441565543,7.03278687948132
7.28500000,614.325256347656,3.81182086065229,7.05737704339559
7.29000000,598.942565917969,3.82229313768106,7.08196720730986
7.29500000,598.087280273437,3.80578486376338,7.10655737122413
7.30000000,603.665588378906,3.8135262215426,7.1311475351384
7.30500000,620.799438476563,3.86076171633144,7.15573769905267
7.31000000,653.295043945313,3.83417138981501,7.20491802688121
7.31500000,671.154052734375,3.80415378606397,7.22950819079549
7.32000000,674.062866210937,3.8482689345509,7.25409835470976
7.32500000,664.013549804687,3.85834089718297,7.27868851862403
7.33000000,647.929504394531,3.77843232206537,7.3032786825383
7.33500000,630.636047363281,3.78269441567273,7.32786884645257
7.34000000,622.696228027344,3.8264297449529,7.35245901036684
7.34500000,633.099731445313,3.76659177785463,7.37704917428111
7.35000000,646.378540039063,3.71852132672875,7.42622950210965
7.35500000,678.960876464844,3.68880528341377,7.45081966602392
7.36000000,716.442687988281,3.7186419580001,7.47540982993819
7.36500000,740.439880371094,3.68010074356484,7.49999999385246
7.37000000,735.842895507812,3.69818281717121,7.52459015776673
7.37500000,723.47119140625,3.70177650698471,7.549180321681
7.38000000,714.166564941406,3.71481338164743,7.57377048559527
7.38500000,696.341125488281,3.73678682909689,7.59836064950954
7.39000000,682.858032226563,3.6943081757105,7.62295081342381
7.39500000,673.5673828125,3.73206110592712,7.67213114125235
7.40000000,665.013000488281,3.76825050512317,7.69672130516662
7.40500000,643.462646484375,3.75611788066529,7.72131146908089
7.41000000,617.505676269531,3.73753739301473,7.74590163299516
7.41500000,605.01220703125,3.74979383754048,7.77049179690943
7.42000000,602.181762695313,3.71971836580128,7.7950819608237
7.42500000,614.006103515625,3.76347780872299,7.81967212473797
7.43000000,640.1044921875,3.72507348132248,7.84426228865224
7.43500000,666.288269042969,3.65722604626105,7.86885245256651
7.44000000,665.557556152344,3.6762341098623,7.91803278039506
7.44500000,657.465148925781,3.72160155438218,7.94262294430932
7.45000000,660.192016601562,3.80056493102576,7.9672131082236
7.45500000,662.687927246094,3.68156825397127,7.99180327213787
7.46000000,666.748779296875,3.7258931150196,8.01639343605214
7.46500000,673.470764160156,3.72651653178123,8.04098359996641
7.47000000,680.122741699219,3.70200869439828,8.06557376388068
7.47500000,667.762268066406,3.77988749421854,8.09016392779495
7.48000000,653.136901855469,3.75520910636289,8.11475409170922
7.48500000,655.046264648438,3.77064403595644,8.16393441953776
7.49000000,660.648376464844,3.80731686717534,8.18852458345203
7.49500000,656.558044433594,3.82316669358997,8.2131147473663
7.50000000,649.662475585938,3.78468731575911,8.23770491128057
7.50500000,647.890319824219,3.77380097005543,8.26229507519484
7.51000000,643.776245117187,3.8926267552101,8.28688523910911
7.51500000,642.958740234375,3.74866206580397,8.31147540302338
7.52000000,650.372192382813,3.76607643336976,8.36065573085192
7.52500000,643.637634277344,3.81134614291602,8.38524589476619
7.53000000,628.149963378906,3.86332166580534,8.40983605868046
7.53500000,619.745422363281,3.81247261109665,8.43442622259473
7.54000000,628.264770507812,3.79203791778111,8.459016386509
7.54500000,637.356628417969,3.82520959517662,8.48360655042327
7.55000000,637.09765625,3.80072262344688,8.50819671433754
7.55500000,635.018920898438,3.76645803816596,8.53278687825181
7.56000000,633.896240234375,3.77454120290135,8.58196720608035
7.56500000,644.1416015625,3.77793544897087,8.60655736999463
7.57000000,663.786743164062,3.7660227962403,8.6311475339089
7.57500000,686.178405761719,3.74193182438672,8.65573769782317
7.58000000,693.860656738281,3.76485652084106,8.68032786173743
7.58500000,694.515747070312,3.78851815495831,8.70491802565171
7.59000000,708.266296386719,3.77885408702809,8.72950818956598
7.59500000,717.534545898438,3.75964349180495,8.75409835348025
7.60000000,716.729614257812,3.76011404378424,8.80327868130879
7.60500000,711.291320800781,3.74675507419615,8.82786884522306
7.61000000,707.158996582031,3.72224429884214,8.85245900913733
7.61500000,697.617797851562,3.6995671504327,8.8770491730516
7.62000000,693.724853515625,3.57199561035023,8.90163933696587
7.62500000,704.006591796875,3.59793448719362,8.92622950088014
7.63000000,715.338195800781,3.55513073582061,8.95081966479441
7.63500000,721.311279296875,3.64588879512235,8.97540982870868
7.64000000,729.178283691406,3.58673124379636,8.99999999262295
7.64500000,754.859497070312,3.53782765715262,9.02459015653722
7.65000000,765.999328613281,3.63573996383161,9.04918032045149
7.65500000,765.929382324219,3.62199801526148,9.09836064828003
7.66000000,762.440979003906,3.60729458378815,9.1229508121943
7.66500000,749.319030761719,3.65446175817933,9.14754097610857
7.67000000,742.896606445313,3.60717322670112,9.17213114002284
7.67500000,739.737182617187,3.60225992843198,9.19672130393711
7.68000000,743.071594238281,3.57228536896194,9.22131146785138
7.68500000,742.843383789063,3.57109708576517,9.24590163176566
7.69000000,735.065979003906,3.55798636720859,9.27049179567993
7.69500000,731.96533203125,3.57326290356699,9.2950819595942
7.70000000,734.493408203125,3.63640294664895,9.31967212350846
7.70500000,742.105712890625,3.57009718469399,9.34426228742274
7.71000000,744.099060058594,3.56907023409891,9.36885245133701
7.71500000,737.210510253906,3.57910165504024,9.39344261525128
7.72000000,722.601928710937,3.65816394755731,9.41803277916555
7.72500000,717.618530273437,3.660984977924,9.46721310699409
7.73000000,726.632019042969,3.66825236318668,9.49180327090836
7.73500000,732.557495117187,3.7175279440002,9.51639343482263
7.74000000,737.363098144531,3.69168766129496,9.5409835987369
7.74500000,737.123718261719,3.68753767873696,9.56557376265117
7.75000000,733.625549316406,3.69820469557161,9.59016392656544
7.75500000,729.433044433594,3.67694485316591,9.61475409047971
7.76000000,744.040283203125,3.69207006138086,9.63934425439398
7.76500000,762.638366699219,3.69211071509279,9.66393441830825
7.77000000,773.274230957031,3.6349267088502,9.68852458222252
7.77500000,778.289855957031,3.66680404591079,9.73770491005106
7.78000000,781.663391113281,3.6983819730186,9.76229507396533
7.78500000,778.018249511719,3.68080242485033,9.7868852378796
7.79000000,772.090026855469,3.66602659601471,9.81147540179387
7.79500000,775.270385742188,3.69379534275253,9.83606556570814
7.80000000,775.11083984375,3.68845911844412,9.86065572962241
7.80500000,772.5869140625,3.73070505174374,9.88524589353668
7.81000000,780.151611328125,3.70865860953163,9.90983605745095
7.81500000,789.023681640625,3.64628635569916,9.93442622136522
7.82000000,789.550048828125,3.75961414379461,9.9590163852795
7.82500000,771.457275390625,3.74694941103962,10.008196713108
7.83000000,769.372924804687,3.72210258820817,10.0327868770223
7.83500000,774.343688964844,3.67778750885544,10.0573770409366
7.84000000,774.674072265625,3.7049670221975,10.0819672048508
7.84500000,780.106811523437,3.71477714958889,10.1065573687651
7.85000000,791.078674316406,3.68277148663574,10.1311475326794
7.85500000,798.39697265625,3.73474486929999,10.1557376965937
7.86000000,794.603393554687,3.73071445151025,10.1803278605079
7.86500000,807.642822265625,3.74968141005635,10.2049180244222
7.87000000,815.723999023437,3.75223349852582,10.2540983522507
7.87500000,818.030944824219,3.73358347278163,10.278688516165
7.88000000,817.041259765625,3.65290869452108,10.3032786800793
7.88500000,811.777893066406,3.69347071569519,10.3278688439935
7.89000000,801.988891601562,3.73490573138355,10.3524590079078
7.89500000,788.920104980469,3.70150468188438,10.3770491718221
7.90000000,793.634765625,3.64048206856462,10.4016393357364
7.90500000,789.264465332031,3.66952871134606,10.4262294996506
7.91000000,787.198303222656,3.7103311500937,10.4508196635649
7.91500000,798.497741699219,3.71788064452713,10.4754098274792
7.92000000,818.406066894531,3.68563314784807,10.5245901553077
7.92500000,824.647888183594,3.66356089683665,10.549180319222
7.93000000,817.282043457031,3.6954074284991,10.5737704831363
7.93500000,816.339965820312,3.65755954374204,10.5983606470505
7.94000000,816.918090820312,3.65945876280362,10.6229508109648
7.94500000,832.2265625,3.65416875686764,10.6475409748791
7.95000000,845.912658691406,3.65137341884703,10.6721311387933
7.95500000,853.134399414062,3.64890441393994,10.6967213027076
7.96000000,847.166931152344,3.61207582256096,10.7213114666219
7.96500000,860.686462402344,3.66843848155253,10.7459016305361
7.97000000,881.693664550781,3.66836546302038,10.7704917944504
7.97500000,888.659240722656,3.66340849069695,10.819672122279
7.98000000,895.642944335938,3.65927549360413,10.8442622861932
7.98500000,900.728515625,3.66313273955496,10.8688524501075
7.99000000,894.28369140625,3.66325059526329,10.8934426140218
7.99500000,868.186767578125,3.68915116593456,10.918032777936
8.00000000,843.073852539063,3.72373009228015,10.9426229418503
8.00500000,807.970397949219,3.65539678467313,10.9672131057646
8.01000000,790.731506347656,3.73079547681075,10.9918032696788
8.01500000,808.884460449219,3.63845268521756,11.0163934335931
8.02000000,838.185668945313,3.78709044916426,11.0409835975074
8.02500000,849.181274414062,3.7187056399877,11.0901639253359
8.03000000,844.059326171875,3.65571567458243,11.1147540892502
8.03500000,856.06005859375,3.69537324872109,11.1393442531645
8.04000000,851.043029785156,3.64351319464778,11.1639344170787
8.04500000,836.840393066406,3.67256958068722,11.188524580993
8.05000000,827.282409667969,3.67499265652329,11.2131147449073
8.05500000,822.96533203125,3.68318790657365,11.2377049088216
8.06000000,811.761108398438,3.66523789270745,11.2622950727358
8.06500000,806.333984375,3.72363107395816,11.2868852366501
8.07000000,808.69970703125,3.64451192441088,11.3114754005644
8.07500000,801.977722167969,3.66819257019112,11.3606557283929
8.08000000,793.937072753906,3.71925626169878,11.3852458923072
8.08500000,794.278686523437,3.80795077961546,11.4098360562214
8.09000000,790.718872070312,3.68797848061327,11.4344262201357
8.09500000,772.4609375,3.7300423183919,11.45901638405
8.10000000,759.625915527344,3.77536945708201,11.4836065479643
8.10500000,744.426635742188,3.81344279260824,11.5081967118785
8.11000000,719.772827148438,3.75807005820578,11.5327868757928
8.11500000,710.505981445313,3.80315520694344,11.5573770397071
8.12000000,722.855285644531,3.81633813961459,11.6065573675356
8.12500000,755.349487304687,3.824108573466,11.6311475314499
8.13000000,780.627563476563,3.83119008250683,11.6557376953642
8.13500000,802.071472167969,3.82760808229961,11.6803278592784
8.14000000,804.363037109375,3.82380155309351,11.7049180231927
8.14500000,795.381713867187,3.84079624655869,11.729508187107
8.15000000,795.95703125,3.7909590447386,11.7540983510212
8.15500000,798.254150390625,3.82036983684942,11.8032786788498
8.16000000,793.857299804687,3.84419186263911,11.827868842764
8.16500000,779.406921386719,3.82784805801767,11.8524590066783
8.17000000,770.930969238281,3.8115461196357,11.8770491705926
8.17500000,756.186584472656,3.83019527862435,11.9016393345069
8.18000000,747.754028320312,3.80244979447275,11.9262294984211
8.18500000,744.377624511719,3.89922051494767,11.9508196623354
8.19000000,733.064208984375,3.8414298451163,11.9999999901639
8.19500000,717.32177734375,3.81421075224659,12.0245901540782
8.20000000,711.845642089844,3.8343667973222,12.0491803179925
8.20500000,722.165161132813,3.83817244333802,12.0737704819067
8.21000000,723.140808105469,3.83637456677991,12.098360645821
8.21500000,726.304443359375,3.75025105140031,12.1229508097353
8.22000000,720.266967773437,3.81631859897129,12.1475409736496
8.22500000,720.325805664062,3.78349103854508,12.1967213014781
8.23000000,731.975158691406,3.75187678751838,12.2213114653924
8.23500000,763.110107421875,3.7600655047738,12.2459016293066
8.24000000,800.314697265625,3.73336562199166,12.2704917932209
8.24500000,814.625122070312,3.72447173480606,12.2950819571352
8.25000000,817.186828613281,3.75382931179049,12.3196721210494
8.25500000,817.98193359375,3.69443593373752,12.3442622849637
8.26000000,816.149536132813,3.7507654327884,12.368852448878
8.26500000,804.077453613281,3.68429089156365,12.3934426127923
8.27000000,795.947265625,3.72403867582027,12.4426229406208
8.27500000,784.827026367187,3.75276784319101,12.4672131045351
8.28000000,761.728454589844,3.70858659103583,12.4918032684493
8.28500000,757.513610839844,3.73842084670553,12.5163934323636
8.29000000,759.621765136719,3.75813138350407,12.5409835962779
8.29500000,760.799011230469,3.6938613597345,12.5655737601922
8.30000000,748.509887695313,3.67893424393613,12.5901639241064
8.30500000,750.266662597656,3.69151528558777,12.6147540880207
8.31000000,748.466491699219,3.67237377882303,12.639344251935
8.31500000,745.279113769531,3.67298564336873,12.6885245797635
8.32000000,754.809143066406,3.67164027181018,12.7131147436778
8.32500000,770.971557617187,3.64929438502575,12.737704907592
8.33000000,773.438049316406,3.67780291684339,12.7622950715063
8.33500000,769.881042480469,3.66682246029264,12.7868852354206
8.34000000,785.70751953125,3.68893563729186,12.8114753993349
8.34500000,805.200134277344,3.71698248834027,12.8360655632491
8.35000000,830.222045898438,3.72986180653412,12.8606557271634
8.35500000,847.757690429688,3.72053613504139,12.8852458910777
8.36000000,847.190734863281,3.71809740893649,12.9098360549919
8.36500000,826.37109375,3.71641200718313,12.9590163828205
8.37000000,797.976989746094,3.7286926343114,12.9836065467347
8.37500000,781.976989746094,3.78607455393156,13.008196710649
8.38000000,759.742126464844,3.70807769427563,13.0327868745633
8.38500000,744.283813476563,3.73500241815223,13.0573770384776
8.39000000,740.455322265625,3.70833028259304,13.0819672023918
8.39500000,737.466674804687,3.80895722018975,13.1065573663061
8.40000000,729.732604980469,3.74259867233105,13.1311475302204
8.40500000,733.152404785156,3.71670370273959,13.1557376941346
8.41000000,743.5712890625,3.74559726401334,13.2049180219632
8.41500000,746.75732421875,3.76866617904377,13.2295081858775
8.42000000,757.012451171875,3.77164819257595,13.2540983497917
8.42500000,766.462707519531,3.782071771047,13.278688513706
8.43000000,771.0107421875,3.82826432652716,13.3032786776203
8.43500000,756.383911132813,3.78495770466826,13.3278688415345
8.44000000,741.631164550781,3.85205649004351,13.3524590054488
8.44500000,732.2607421875,3.73000226424904,13.3770491693631
8.45000000,727.218505859375,3.75364871821974,13.4262294971916
8.45500000,738.621520996094,3.80414023088761,13.4508196611059
8.46000000,751.578308105469,3.82762898862291,13.4754098250202
8.46500000,756.200561523437,3.7375764670758,13.4999999889344
8.47000000,739.54541015625,3.75135078586204,13.5245901528487
8.47500000,718.556396484375,3.81626683080217,13.549180316763
8.48000000,693.134155273437,3.82956958678543,13.5737704806772
8.48500000,674.810424804687,3.800257395287,13.6229508085058
8.49000000,681.54638671875,3.77769558244816,13.64754097242
8.49500000,700.92138671875,3.79972992215136,13.6721311363343
8.50000000,721.056518554687,3.77808940699131,13.6967213002486
8.50500000,736.052856445313,3.78975179716041,13.7213114641629
8.51000000,754.91552734375,3.77341922816765,13.7459016280771
8.51500000,763.87158203125,3.75984438157778,13.7704917919914
8.52000000,758.070739746094,3.76054132311342,13.7950819559057
8.52500000,750.157531738281,3.74507621657565,13.8442622837342
8.53000000,740.465087890625,3.73225326963528,13.8688524476485
8.53500000,726.700622558594,3.74420296127814,13.8934426115628
8.54000000,713.186645507812,3.73114087926494,13.918032775477
8.54500000,707.091796875,3.68852177831513,13.9426229393913
8.55000000,696.845092773437,3.70052117050249,13.9672131033056
8.55500000,689.959350585938,3.6722107387154,13.9918032672198
8.56000000,693.633850097656,3.71540434508123,14.0163934311341
8.56500000,694.820922851562,3.6456794075274,14.0409835950484
8.57000000,689.876770019531,3.59375487235258,14.0655737589626
8.57500000,681.854309082031,3.60614986646377,14.1147540867912
8.58000000,685.030517578125,3.63188901216689,14.1393442507055
8.58500000,680.857666015625,3.71160412498678,14.1639344146197
8.59000000,686.756530761719,3.62384937730751,14.188524578534
8.59500000,701.372131347656,3.61698400021172,14.2131147424483
8.60000000,716.203308105469,3.63398427987192,14.2377049063625
8.60500000,731.720397949219,3.60367123506691,14.2622950702768
8.61000000,757.989562988281,3.629679528093,14.2868852341911
8.61500000,782.1435546875,3.62569758517166,14.3114753981053
8.62000000,789.883178710937,3.6321269592859,14.3360655620196
8.62500000,800.628295898438,3.60095022029756,14.3606557259339
8.63000000,800.7822265625,3.69327617206592,14.3852458898482
8.63500000,789.572448730469,3.65397703476366,14.4344262176767
8.64000000,758.345092773437,3.61379905013196,14.459016381591
8.64500000,729.197875976563,3.6571164081297,14.4836065455052
8.65000000,698.74462890625,3.70159645478389,14.5081967094195
8.65500000,671.263244628906,3.59737881349518,14.5327868733338
8.66000000,668.295593261719,3.64105875914064,14.5573770372481
8.66500000,681.761962890625,3.67781010917144,14.5819672011623
8.67000000,702.224609375,3.70214519988395,14.6065573650766
8.67500000,731.469787597656,3.66259873444607,14.6311475289909
8.68000000,770.7587890625,3.70780573831185,14.6557376929051
8.68500000,796.539367675781,3.7613588646278,14.6803278568194
8.69000000,794.158264160156,3.74397137285889,14.7295081846479
8.69500000,787.266906738281,3.73565845673653,14.7540983485622
8.70000000,781.898559570312,3.75402582141189,14.7786885124765
8.70500000,769.608093261719,3.73781753611609,14.8032786763908
8.71000000,745.953796386719,3.74221338155639,14.827868840305
8.71500000,737.486267089844,3.71683302701991,14.8524590042193
8.72000000,726.325439453125,3.75304264484995,14.8770491681336
8.72500000,709.275573730469,3.77960871101569,14.9016393320478
8.73000000,699.2919921875,3.77755616445628,14.9508196598764
8.73500000,699.231811523437,3.7723567790249,14.9754098237906
8.74000000,696.185791015625,3.76567026697759,14.9999999877049
8.74500000,683.713317871094,3.76272322160289,15.0245901516192
8.75000000,678.482177734375,3.79710655660448,15.0491803155335
8.75500000,667.884033203125,3.78607669898033,15.0737704794477
8.76000000,655.902954101562,3.71837159502651,15.098360643362
8.76500000,655.443786621094,3.82161551126704,15.1229508072763
8.77000000,670.032775878906,3.80538934828366,15.1721311351048
8.77500000,677.829833984375,3.77192682054536,15.1967212990191
8.78000000,670.711730957031,3.73200027985438,15.2213114629334
8.78500000,667.930236816406,3.7637239073801,15.2459016268476
8.79000000,662.525512695313,3.76206193126905,15.2704917907619
8.79500000,666.88037109375,3.74286144224119,15.2950819546762
8.80000000,679.831604003906,3.79261832072405,15.3196721185904
8.80500000,688.425109863281,3.76294444573713,15.3442622825047
8.81000000,684.642761230469,3.75817603914475,15.3934426103332
8.81500000,670.577331542969,3.76250255425787,15.4180327742475
8.82000000,667.734252929688,3.75891924481054,15.4426229381618
8.82500000,666.201477050781,3.68475697931229,15.4672131020761
8.83000000,685.911010742188,3.68973836214882,15.4918032659903
8.83500000,712.419555664062,3.71524483899516,15.5163934299046
8.84000000,726.326843261719,3.645629870816,15.5409835938189
8.84500000,716.246704101562,3.60117177757694,15.5655737577331
8.85000000,707.683959960937,3.62508631764584,15.5901639216474
8.85500000,703.089721679688,3.65628300490689,15.6147540855617
8.86000000,687.277282714844,3.6197870495891,15.6393442494759
8.86500000,669.094909667969,3.58978024063713,15.6885245773045
8.87000000,657.852905273437,3.56376963409674,15.7131147412188
8.87500000,661.590454101562,3.57468616804591,15.737704905133
8.88000000,683.653137207031,3.57761038811066,15.7622950690473
8.88500000,739.098876953125,3.56664206940617,15.7868852329616
8.89000000,805.81884765625,3.59153992501807,15.8114753968758
8.89500000,855.505676269531,3.56844249989841,15.8360655607901
8.90000000,890.029663085938,3.57333480491487,15.8606557247044
8.90500000,906.833190917969,3.5294281568499,15.8852458886186
8.91000000,898.010070800781,3.56411773040236,15.9098360525329
8.91500000,862.196899414062,3.57702010522667,15.9344262164472
8.92000000,825.64599609375,3.5654040795859,15.9590163803615
8.92500000,798.054016113281,3.56097982600566,15.9836065442757
8.93000000,769.8642578125,3.57369217572039,16.00819670819
8.93500000,758.457092285156,3.59485150259292,16.0327868721043
8.94000000,759.700134277344,3.53920239967296,16.0573770360185
8.94500000,765.6171875,3.5665842732895,16.1065573638471
8.95000000,758.82666015625,3.57900341080538,16.1311475277614
8.95500000,757.26025390625,3.52113382567802,16.1557376916756
8.96000000,762.769958496094,3.57658720981167,16.1803278555899
8.96500000,772.295776367187,3.53593085057359,16.2049180195042
8.97000000,796.479187011719,3.62424572021266,16.2295081834184
8.97500000,819.658935546875,3.53740007921068,16.2540983473327
8.98000000,836.813781738281,3.59997049456728,16.278688511247
8.98500000,836.771789550781,3.6092550091597,16.3032786751612
8.99000000,835.730346679688,3.65432511211629,16.3278688390755
8.99500000,825.118225097656,3.70412217712745,16.3524590029898
9.00000000,804.665405273437,3.62575722712459,16.3770491669041
9.00500000,797.373657226563,3.73513511879883,16.4016393308183
9.01000000,785.274963378906,3.69572918613515,16.4508196586469
9.01500000,766.928833007812,3.64710166116059,16.4754098225611
9.02000000,751.739318847656,3.61963248642841,16.4999999864754
9.02500000,750.437438964844,3.70658659051728,16.5245901503897
9.03000000,738.394775390625,3.70675869130855,16.5491803143039
9.03500000,724.703063964844,3.6893746353651,16.5737704782182
9.04000000,725.398742675781,3.66431309526258,16.5983606421325
9.04500000,740.714294433594,3.66284993873625,16.6229508060468
9.05000000,753.508666992188,3.69997145568961,16.647540969961
9.05500000,768.838195800781,3.70278334044324,16.6721311338753
9.06000000,790.667114257812,3.68576052884987,16.7213114617038
9.06500000,806.205200195313,3.67515231618089,16.7459016256181
9.07000000,823.750610351562,3.71351270502823,16.7704917895324
9.07500000,849.822387695313,3.71031827981899,16.7950819534467
9.08000000,873.476684570312,3.6994549959819,16.8196721173609
9.08500000,888.482849121094,3.6989741615368,16.8442622812752
9.09000000,893.939331054687,3.70932609152454,16.8688524451895
9.09500000,896.16650390625,3.69403654592126,16.8934426091037
9.10000000,873.622253417969,3.66031401656156,16.918032773018
9.10500000,853.319152832031,3.74779169386506,16.9426229369323
9.11000000,831.404907226563,3.74023661966518,16.9918032647608
9.11500000,802.804992675781,3.72691688448994,17.0163934286751
9.12000000,769.6865234375,3.70263674066939,17.0409835925894
9.12500000,750.305908203125,3.67947139448594,17.0655737565036
9.13000000,746.163818359375,3.64168782051418,17.0901639204179
9.13500000,746.14697265625,3.64489101228138,17.1147540843322
9.14000000,762.145629882813,3.60749908073074,17.1393442482464
9.14500000,780.042419433594,3.52530357628217,17.1639344121607
9.15000000,792.7724609375,3.60308741339133,17.188524576075
9.15500000,803.493713378906,3.52098670095148,17.2131147399893
9.16000000,821.27294921875,3.65873898988683,17.2377049039035
9.16500000,837.912658691406,3.53590357930605,17.2622950678178
9.17000000,838.994750976563,3.49851505156872,17.2868852317321
9.17500000,839.479064941406,3.53273293221622,17.3360655595606
9.18000000,837.2841796875,3.55751042022253,17.3606557234749
9.18500000,841.914794921875,3.5272421993991,17.3852458873891
9.19000000,844.111083984375,3.55899904028542,17.4098360513034
9.19500000,857.955383300781,3.53597239580016,17.4344262152177
9.20000000,861.46337890625,3.54080811012211,17.459016379132
9.20500000,847.479064941406,3.51676718453697,17.4836065430462
9.21000000,836.424682617187,3.52370555954265,17.5081967069605
9.21500000,819.524536132813,3.48925067707249,17.5327868708748
9.22000000,798.941467285156,3.50561066770223,17.557377034789
9.22500000,778.844177246094,3.56660082426282,17.5819671987033
9.23000000,778.807739257812,3.51152768412105,17.6065573626176
9.23500000,785.588562011719,3.48677577813812,17.6311475265318
9.24000000,799.3642578125,3.52020270770378,17.6557376904461
9.24500000,825.339416503906,3.57072285331739,17.6803278543604
9.25000000,838.753967285156,3.58101329833828,17.7049180182747
9.25500000,830.065246582031,3.544335036347,17.7295081821889
9.26000000,812.33642578125,3.58474894551263,17.7540983461032
9.26500000,813.293884277344,3.58129492075037,17.8032786739317
9.27000000,820.897766113281,3.57728720595788,17.827868837846
9.27500000,828.657043457031,3.5761746457366,17.8524590017603
9.28000000,831.294311523437,3.57630519433508,17.8770491656746
9.28500000,823.022705078125,3.55901131086725,17.9016393295888
9.29000000,803.439147949219,3.5640645779994,17.9262294935031
9.29500000,782.99462890625,3.54180631215129,17.9508196574174
9.30000000,777.084594726563,3.56366818421095,17.9754098213316
9.30500000,764.358764648438,3.59455015819704,17.9999999852459
9.31000000,761.699096679688,3.61663454230407,18.0245901491602
9.31500000,767.059020996094,3.60796431158361,18.0491803130744
9.32000000,771.766662597656,3.60977420028611,18.0737704769887
9.32500000,771.573486328125,3.63355668355565,18.098360640903
9.33000000,770.534790039063,3.61166354803534,18.1229508048173
9.33500000,774.629272460937,3.66278126447483,18.1721311326458
9.34000000,769.512939453125,3.69436034404986,18.1967212965601
9.34500000,767.173828125,3.65053940049687,18.2213114604743
9.35000000,769.05517578125,3.68193271960568,18.2459016243886
9.35500000,771.388671875,3.67070910934577,18.2704917883029
9.36000000,767.119201660156,3.68691010650854,18.2950819522171
9.36500000,761.577270507812,3.60124275938676,18.3196721161314
9.37000000,763.748413085938,3.67541369052913,18.3442622800457
9.37500000,760.275451660156,3.61802450784973,18.36885244396
9.38000000,774.517272949219,3.6902822711066,18.3934426078742
9.38500000,795.95703125,3.66707514194219,18.4180327717885
9.39000000,815.045104980469,3.68804281873262,18.467213099617
9.39500000,814.044250488281,3.68960408667645,18.4918032635313
9.40000000,812.49462890625,3.66896371580123,18.5163934274456
9.40500000,819.237609863281,3.70933648885535,18.5409835913598
9.41000000,814.088989257812,3.65929465941319,18.5655737552741
9.41500000,808.8984375,3.66256008970171,18.5901639191884
9.42000000,802.126098632813,3.7359689696682,18.6147540831027
9.42500000,787.630859375,3.62206122585994,18.6393442470169
9.43000000,765.282653808594,3.61493626937261,18.6639344109312
9.43500000,754.800720214844,3.62152903473649,18.6885245748455
9.44000000,755.465637207031,3.65290402385773,18.737704902674
9.44500000,756.235534667969,3.67443153765642,18.7622950665883
9.45000000,772.132019042969,3.61941135158617,18.7868852305026
9.45500000,802.523620605469,3.63970381719871,18.8114753944168
9.46000000,824.092163085938,3.62318232890856,18.8360655583311
9.46500000,823.74365234375,3.57746403691516,18.8606557222454
9.47000000,828.209045410156,3.55236487353886,18.8852458861596
9.47500000,827.132629394531,3.54133133989314,18.9098360500739
9.48000000,808.601684570312,3.53385531572105,18.9344262139882
9.48500000,796.469360351562,3.54522852866959,18.9590163779024
9.49000000,791.158447265625,3.51510825473511,18.9836065418167
9.49500000,791.071655273437,3.56784829697322,19.008196705731
9.50000000,773.261657714844,3.59187283834283,19.0327868696453
9.50500000,763.913635253906,3.59276959430211,19.0573770335595
9.51000000,763.637817382813,3.59598149027702,19.0819671974738
9.51500000,780.938293457031,3.60778768995708,19.1311475253023
9.52000000,807.386657714844,3.61473527405686,19.1557376892166
9.52500000,822.02880859375,3.61523357897123,19.1803278531309
9.53000000,826.791076660156,3.65719304900392,19.2049180170451
9.53500000,813.117553710937,3.5710616944158,19.2295081809594
9.54000000,807.189270019531,3.58255356865385,19.2540983448737
9.54500000,805.340087890625,3.56194375992876,19.278688508788
9.55000000,807.182250976563,3.58993756399023,19.3032786727022
9.55500000,814.80712890625,3.58212335334689,19.3278688366165
9.56000000,824.5205078125,3.51276828584036,19.3524590005308
9.56500000,833.554992675781,3.55685579720362,19.377049164445
9.57000000,834.102355957031,3.54123415682227,19.4016393283593
9.57500000,843.00244140625,3.51770592655622,19.4262294922736
9.58000000,841.864379882813,3.59434862245787,19.4508196561879
9.58500000,843.215209960937,3.58261084596015,19.4754098201021
9.59000000,852.594055175781,3.59620983053699,19.5245901479307
9.59500000,865.328308105469,3.6240861894221,19.5491803118449
9.60000000,865.109924316406,3.67186222468419,19.5737704757592
9.60500000,860.519897460937,3.58984960598427,19.5983606396735
9.61000000,864.051635742188,3.65067458212718,19.6229508035877
9.61500000,858.175170898438,3.68737039398199,19.647540967502
9.62000000,866.915710449219,3.64432798867966,19.6721311314163
9.62500000,894.425109863281,3.58391471915095,19.6967212953306
9.63000000,919.675170898438,3.58613642578635,19.7213114592448
9.63500000,921.640563964844,3.63127995571216,19.7459016231591
9.64000000,911.928527832031,3.62520621964152,19.7704917870734
9.64500000,912.981201171875,3.57288933444474,19.7950819509876
9.65000000,908.609558105469,3.60133887288742,19.8442622788162
9.65500000,913.569152832031,3.62811353905298,19.8688524427305
9.66000000,930.445434570312,3.61990470860471,19.8934426066447
9.66500000,945.370422363281,3.62904413394202,19.918032770559
9.67000000,946.225708007812,3.64994496456594,19.9426229344733
9.67500000,947.491149902344,3.63867589216274,19.9672130983875
9.68000000,950.707946777344,3.66228024994728,19.9918032623018
9.68500000,938.45947265625,3.6420400484814,20.0163934262161
9.69000000,928.65087890625,3.68674619927809,20.0409835901303
9.69500000,911.87255859375,3.70777209178041,20.0655737540446
9.70000000,897.704895019531,3.68717266861101,20.0901639179589
9.70500000,882.76171875,3.6679750478025,20.1393442457874
9.71000000,876.424743652344,3.65401524079478,20.1639344097017
9.71500000,859.261413574219,3.65874915930566,20.188524573616
9.72000000,837.758666992188,3.6328314734869,20.2131147375302
9.72500000,837.842712402344,3.66848757439072,20.2377049014445
9.73000000,849.8251953125,3.59242752461421,20.2622950653588
9.73500000,853.183410644531,3.62930599434252,20.286885229273
9.74000000,864.447814941406,3.593384260137,20.3114753931873
9.74500000,883.987976074219,3.6775857439865,20.3360655571016
9.75000000,883.478454589844,3.63039854777699,20.3606557210159
9.75500000,878.339660644531,3.58051530104944,20.3852458849301
9.76000000,891.092102050781,3.63743975986513,20.4098360488444
9.76500000,898.31103515625,3.60789621595823,20.4590163766729
9.77000000,901.680419921875,3.5796607324877,20.4836065405872
9.77500000,894.649047851562,3.61528881281309,20.5081967045015
9.78000000,892.680908203125,3.58149818508011,20.5327868684157
9.78500000,888.453430175781,3.58189866565681,20.55737703233
9.79000000,891.881591796875,3.57406335430043,20.5819671962443
9.79500000,905.465515136719,3.57414751602254,20.6065573601586
9.80000000,906.7421875,3.56664306544586,20.6311475240728
9.80500000,894.8310546875,3.57394368373404,20.6557376879871
9.81000000,885.331848144531,3.6462679589215,20.6803278519014
9.81500000,890.623168945313,3.58729828909591,20.7049180158156
9.82000000,891.542846679688,3.59134412655718,20.7295081797299
9.82500000,899.373474121094,3.60903006016437,20.7540983436442
9.83000000,907.351135253906,3.63660771779332,20.7786885075585
9.83500000,907.440673828125,3.63485550855415,20.827868835387
9.84000000,903.899108886719,3.63193454068031,20.8524589993013
9.84500000,908.039794921875,3.63823071793321,20.8770491632155
9.85000000,919.456787109375,3.6440064613179,20.9016393271298
9.85500000,909.893188476563,3.61111342647476,20.9262294910441
9.86000000,904.550048828125,3.62447110040449,20.9508196549583
9.86500000,898.519592285156,3.62528003957317,20.9754098188726
9.87000000,880.960144042969,3.63382865478869,20.9999999827869
9.87500000,857.863037109375,3.65657635196664,21.0245901467012
9.88000000,849.911987304687,3.62170156324821,21.0491803106154
9.88500000,857.953979492188,3.68086722881585,21.0737704745297
9.89000000,858.166748046875,3.70502287115244,21.098360638444
9.89500000,871.603698730469,3.70850639756383,21.1475409662725
9.90000000,877.396179199219,3.71769028606058,21.1721311301868
9.90500000,869.953308105469,3.77039754349019,21.196721294101
9.91000000,860.603881835938,3.81372563309253,21.2213114580153
9.91500000,861.660766601562,3.88210006675218,21.2459016219296
9.92000000,865.207885742188,3.8765615178457,21.2704917858439
9.92500000,861.401794433594,3.82511617324411,21.2950819497581
9.93000000,866.515319824219,3.8403696876667,21.3442622775867
9.93500000,865.748229980469,3.88468053756745,21.3688524415009
9.94000000,855.343322753906,3.92230128492918,21.3934426054152
9.94500000,843.029052734375,3.80165861536656,21.4180327693295
9.95000000,852.680847167969,3.84222911563817,21.4426229332438
9.95500000,848.015258789063,3.80492794232547,21.467213097158
9.96000000,827.531555175781,3.77418893732877,21.4918032610723
9.96500000,825.251220703125,3.7837828012343,21.5409835889008
9.97000000,824.849487304687,3.79732553565272,21.5655737528151
9.97500000,809.389770507812,3.79247587790842,21.5901639167294
9.98000000,788.448364257812,3.79812847058274,21.6147540806436
9.98500000,784.808837890625,3.7802018257376,21.6393442445579
9.99000000,781.548645019531,3.82036789115236,21.6639344084722
9.99500000,794.112060546875,3.82361847497206,21.6885245723865
10.00000000,825.144836425781,3.84227615275806,21.737704900215
10.00500000,848.978332519531,3.85645792756312,21.7622950641293
10.01000000,850.798095703125,3.80073205965965,21.7868852280435
10.01500000,843.824157714844,3.81853295596084,21.8114753919578
10.02000000,847.14453125,3.82696484326309,21.8360655558721
10.02500000,841.392639160156,3.75001558733334,21.8606557197863
10.03000000,850.628723144531,3.75850487807101,21.8852458837006
10.03500000,862.248657226563,3.83317812556621,21.9098360476149
10.04000000,860.781677246094,3.76851118950779,21.9590163754434
10.04500000,846.108642578125,3.70970755705778,21.9836065393577
10.05000000,832.759887695313,3.70321855966097,22.008196703272
10.05500000,825.090270996094,3.67348602668342,22.0327868671862
10.06000000,810.163879394531,3.67463856017957,22.0573770311005
10.06500000,803.665893554687,3.65934593368065,22.0819671950148
10.07000000,799.316650390625,3.67307363027848,22.1065573589291
10.07500000,796.127807617187,3.70493550884342,22.1311475228433
10.08000000,789.125915527344,3.65873687920466,22.1557376867576
10.08500000,799.449645996094,3.64062798225578,22.1803278506719
10.09000000,809.500366210937,3.61493392777199,22.2295081785004
10.09500000,813.327514648438,3.58369459154205,22.2540983424147
10.10000000,827.705139160156,3.50598497654849,22.2786885063289
10.10500000,843.847961425781,3.5114546295822,22.3032786702432
10.11000000,852.69482421875,3.39702421122978,22.3278688341575
10.11500000,847.38671875,3.34067068930694,22.3524589980718
10.12000000,851.604370117187,3.36911071761921,22.377049161986
10.12500000,840.215393066406,3.26850102295995,22.4016393259003
10.13000000,817.735534667969,3.38746537317626,22.4262294898146
10.13500000,795.416748046875,3.30731575462945,22.4508196537288
10.14000000,776.079528808594,3.32327879005145,22.4754098176431
10.14500000,763.276672363281,3.37872501580989,22.4999999815574
10.15000000,757.313415527344,3.34161950091204,22.5245901454716
10.15500000,764.201965332031,3.38964905911819,22.5491803093859
10.16000000,763.231872558594,3.4127513520035,22.5737704733002
10.16500000,767.886291503906,3.39064758800626,22.5983606372145
10.17000000,770.7587890625,3.42737804177796,22.6229508011287
10.17500000,764.081604003906,3.41174329527912,22.647540965043
10.18000000,748.915832519531,3.46045790144753,22.6721311289573
10.18500000,737.776062011719,3.43588046991754,22.6967212928715
10.19000000,746.789489746094,3.53084213610571,22.7213114567858
10.19500000,746.89453125,3.58180211524009,22.7459016207001
10.20000000,756.390930175781,3.62247159726363,22.7704917846143
10.20500000,781.048889160156,3.60975496739518,22.7950819485286
10.21000000,812.556213378906,3.61759932431622,22.8196721124429
10.21500000,823.915832519531,3.69239937826298,22.8442622763572
10.22000000,832.944702148438,3.77325358995288,22.8688524402714
10.22500000,840.925109863281,3.69352240376085,22.8934426041857
10.23000000,831.304077148438,3.70941146454276,22.9426229320142
10.23500000,819.677124023437,3.73059423271725,22.9672130959285
10.24000000,797.068542480469,3.74697439404985,22.9918032598428
10.24500000,763.467041015625,3.73673155049941,23.0163934237571
10.25000000,733.472961425781,3.70336141010767,23.0409835876713
10.25500000,744.204040527344,3.68472389834799,23.0655737515856
10.26000000,775.354370117187,3.69958107157362,23.0901639154999
10.26500000,795.672912597656,3.68512300814897,23.1147540794141
10.27000000,812.115234375,3.77059851672158,23.1393442433284
10.27500000,810.123291015625,3.78885304962222,23.1885245711569
10.28000000,785.168579101562,3.79613749963483,23.2131147350712
10.28500000,746.951904296875,3.77921438468972,23.2377048989855
10.29000000,722.295349121094,3.78188167755272,23.2622950628998
10.29500000,705.290222167969,3.77468107689676,23.286885226814
10.30000000,695.806396484375,3.85000847817991,23.3114753907283
10.30500000,730.509521484375,3.76004039381762,23.3360655546426
10.31000000,792.664672851562,3.69561878065062,23.3606557185568
10.31500000,848.5107421875,3.72011801163173,23.4098360463854
10.32000000,887.277587890625,3.76329069048986,23.4344262102997
10.32500000,921.251403808594,3.80240106393966,23.4590163742139
10.33000000,924.8349609375,3.69969149562704,23.4836065381282
10.33500000,909.0869140625,3.72189175673659,23.5081967020425
10.34000000,887.147399902344,3.69907666803538,23.5327868659567
10.34500000,851.45458984375,3.71172022599451,23.557377029871
10.35000000,816.821472167969,3.77001973987963,23.5819671937853
10.35500000,789.841186523437,3.73752769261595,23.6065573576995
10.36000000,785.785888671875,3.75373518522648,23.6557376855281
10.36500000,777.937072753906,3.77960303739654,23.6803278494424
10.37000000,773.5234375,3.77153592727623,23.7049180133566
10.37500000,773.400207519531,3.7478149337726,23.7295081772709
10.38000000,769.55908203125,3.7568576772397,23.7540983411852
10.38500000,762.940734863281,3.84962423956096,23.7786885050994
10.39000000,768.999206542969,3.74477888263289,23.8032786690137
10.39500000,794.624389648438,3.75770605491659,23.8524589968422
10.40000000,802.140075683594,3.7996187274121,23.8770491607565
10.40500000,805.118896484375,3.85368477171435,23.9016393246708
10.41000000,809.24560546875,3.82524625718889,23.9262294885851
10.41500000,807.040893554687,3.81582494195201,23.9508196524993
10.42000000,789.715209960937,3.85368833693316,23.9754098164136
10.42500000,775.165405273437,3.79540337839299,23.9999999803279
10.43000000,781.067077636719,3.80825511962245,24.0245901442421
10.43500000,783.659545898438,3.78058909256346,24.0737704720707
10.44000000,786.231079101562,3.75774647967687,24.098360635985
10.44500000,783.175231933594,3.75193014623149,24.1229507998992
10.45000000,772.689147949219,3.71520813430544,24.1475409638135
10.45500000,753.35888671875,3.73166206870115,24.1721311277278
10.46000000,731.458618164062,3.76921416618739,24.196721291642
10.46500000,721.339233398438,3.7566430142626,24.2213114555563
10.47000000,708.9326171875,3.74910397684259,24.2459016194706
10.47500000,717.187377929688,3.75283627523352,24.2950819472991
10.48000000,743.530700683594,3.75163936829374,24.3196721112134
10.48500000,772.452575683594,3.76302352500961,24.3442622751277
10.49000000,772.207580566406,3.8143845317428,24.3688524390419
10.49500000,760.573608398438,3.75299881329384,24.3934426029562
10.50000000,756.40771484375,3.85210102565441,24.4180327668705
10.50500000,756.108154296875,3.79797036493759,24.4426229307847
10.51000000,767.438354492188,3.86278304679506,24.4918032586133
10.51500000,774.762268066406,3.93354501577171,24.5163934225275
10.52000000,762.457763671875,3.87292394714352,24.5409835864418
10.52500000,739.656005859375,3.87083895957603,24.5655737503561
10.53000000,741.146789550781,3.78535555264462,24.5901639142704
10.53500000,761.6123046875,3.81130715754629,24.6147540781846
10.54000000,780.715759277344,3.76974195837771,24.6393442420989
10.54500000,800.338500976563,3.72565014782342,24.6639344060132
10.55000000,805.218322753906,3.73067309762573,24.7131147338417
10.55500000,800.675842285156,3.70646279321012,24.737704897756
10.56000000,782.3955078125,3.58793575013964,24.7622950616702
10.56500000,772.788513183594,3.54189693340952,24.7868852255845
10.57000000,755.6826171875,3.49212184793148,24.8114753894988
10.57500000,726.640380859375,3.44891271788656,24.8360655534131
10.58000000,716.30126953125,3.34152435341782,24.8606557173273
10.58500000,732.904663085938,3.36299316786867,24.8852458812416
10.59000000,768.517639160156,3.37744267540627,24.9098360451559
10.59500000,795.208129882813,3.44343424679656,24.9344262090701
10.60000000,821.144165039063,3.41148913446764,24.9590163729844
10.60500000,834.758850097656,3.41605898960907,24.9836065368987
10.61000000,841.651611328125,3.55683778472414,25.008196700813
10.61500000,845.984069824219,3.70696774826782,25.0327868647272
10.62000000,839.215942382813,3.84283127409759,25.0573770286415
10.62500000,811.818481445313,3.9018511144342,25.0819671925558
10.63000000,759.763122558594,3.90847737989425,25.1311475203843
10.63500000,724.542053222656,3.90501070241308,25.1557376842986
10.64000000,707.952697753906,3.8720693105436,25.1803278482128
10.64500000,717.387573242188,3.88347691563355,25.2049180121271
10.65000000,742.496276855469,3.90601258131431,25.2295081760414
10.65500000,766.657287597656,3.87869995369138,25.2540983399557
10.66000000,789.244873046875,3.77150016534745,25.3032786677842
10.66500000,803.161987304687,3.6589026034514,25.3278688316985
10.67000000,821.530517578125,3.56453005450655,25.3524589956127
10.67500000,817.2568359375,3.50936683071684,25.377049159527
10.68000000,792.134094238281,3.56507018385207,25.4016393234413
10.68500000,759.238159179688,3.53346124936631,25.4262294873555
10.69000000,731.609802246094,3.54116038632118,25.4508196512698
10.69500000,699.868713378906,3.56082403136671,25.4754098151841
10.70000000,677.380493164062,3.5921496399452,25.4999999790984
10.70500000,686.461181640625,3.61813871472072,25.5245901430126
10.71000000,700.880798339844,3.54671083242672,25.5491803069269
10.71500000,726.969360351562,3.61857614237844,25.5737704708412
10.72000000,760.411254882813,3.59056245074429,25.5983606347554
10.72500000,785.658508300781,3.61177194443988,25.6229507986697
10.73000000,798.945678710937,3.69517477411846,25.647540962584
10.73500000,795.489501953125,3.75273451987146,25.6967212904125
10.74000000,782.940063476563,3.79993655466433,25.7213114543268
10.74500000,759.889099121094,3.86689099870423,25.7459016182411
10.75000000,757.39599609375,3.8705538292733,25.7704917821553
10.75500000,775.582580566406,3.876674894941,25.7950819460696
10.76000000,798.009216308594,3.85742016649296,25.8196721099839
10.76500000,803.824096679688,3.86804275120974,25.8688524378124
10.77000000,806.310180664062,3.87611771965045,25.8934426017267
10.77500000,806.234558105469,3.79071038364104,25.918032765641
10.78000000,791.945129394531,3.75540734307299,25.9426229295552
10.78500000,789.564025878906,3.7777428229777,25.9672130934695
10.79000000,793.843322753906,3.75178937894196,25.9918032573838
10.79500000,797.664855957031,3.74212499190661,26.016393421298
10.80000000,793.085998535156,3.78006840911874,26.0409835852123
10.80500000,800.237731933594,3.76386878658368,26.0901639130409
10.81000000,798.409545898438,3.74423866113996,26.1147540769551
10.81500000,787.334106445313,3.74048443250167,26.1393442408694
10.82000000,799.292846679688,3.74032317588721,26.1639344047837
10.82500000,823.365661621094,3.75153896020465,26.1885245686979
10.83000000,843.177429199219,3.70188780571781,26.2131147326122
10.83500000,848.894348144531,3.70354314892612,26.2377048965265
10.84000000,849.522827148438,3.74574449131258,26.2622950604407
10.84500000,838.005065917969,3.72899968161601,26.286885224355
10.85000000,825.276428222656,3.71111012900074,26.3360655521836
10.85500000,829.0419921875,3.70439507048127,26.3606557160978
10.86000000,828.70458984375,3.7355756288318,26.3852458800121
10.86500000,820.864196777344,3.69137891687205,26.4098360439264
10.87000000,809.631958007812,3.74869324120473,26.4344262078406
10.87500000,819.658935546875,3.66220417384539,26.4590163717549
10.88000000,818.044921875,3.69678830437409,26.4836065356692
10.88500000,815.647033691406,3.64199099776911,26.5081966995834
10.89000000,817.714538574219,3.79844582986239,26.5327868634977
10.89500000,812.715759277344,3.66602178593079,26.557377027412
10.90000000,808.076782226563,3.6789716026391,26.6065573552405
10.90500000,814.781921386719,3.6916045082427,26.6311475191548
10.91000000,833.06787109375,3.66408045430558,26.6557376830691
10.91500000,835.290771484375,3.68246017752447,26.6803278469833
10.92000000,838.320007324219,3.72434666099593,26.7049180108976
10.92500000,836.459655761719,3.70377782357314,26.7295081748119
10.93000000,825.427612304687,3.68857972968299,26.7540983387261
10.93500000,809.360412597656,3.75978631121485,26.7786885026404
10.94000000,804.4091796875,3.68501794165762,26.8032786665547
10.94500000,803.443298339844,3.72471043829067,26.8524589943832
10.95000000,790.443115234375,3.79541834308149,26.8770491582975
10.95500000,796.382629394531,3.85660081214424,26.9016393222118
10.96000000,808.661865234375,3.72282214848186,26.926229486126
10.96500000,814.763732910156,3.74182719577914,26.9508196500403
10.97000000,806.560729980469,3.7940288652721,26.9754098139546
10.97500000,800.526062011719,3.78502596269976,26.9999999778689
10.98000000,794.93798828125,3.72834711012095,27.0245901417831
10.98500000,787.636474609375,3.74294869959855,27.0737704696117
10.99000000,792.818664550781,3.75182315436991,27.0983606335259
10.99500000,793.8447265625,3.68759196261862,27.1229507974402
11.00000000,785.023010253906,3.70158599424972,27.1475409613545
11.00500000,771.744262695313,3.6950192382107,27.1721311252687
11.01000000,779.912231445313,3.6939243953617,27.196721289183
11.01500000,791.680603027344,3.69903954392599,27.2213114530973
11.02000000,800.745849609375,3.6852590618514,27.2459016170116
11.02500000,814.084838867187,3.74563680324377,27.2704917809258
11.03000000,827.303405761719,3.78927625297089,27.2950819448401
11.03500000,841.514404296875,3.82101735421956,27.3442622726686
11.04000000,844.571655273437,3.84731147633354,27.3688524365829
11.04500000,845.3779296875,3.86189548819301,27.3934426004972
11.05000000,817.435974121094,3.85073150755989,27.4180327644114
11.05500000,784.316101074219,3.93059306257301,27.4426229283257
11.06000000,762.218444824219,3.868431256027,27.46721309224
11.06500000,742.444458007812,3.86339659099361,27.5163934200685
11.07000000,716.733825683594,3.84569837894695,27.5409835839828
11.07500000,702.965148925781,3.83758378310993,27.5655737478971
11.08000000,696.22216796875,3.89214781702359,27.5901639118113
11.08500000,696.766662597656,3.80659238733964,27.6147540757256
11.09000000,723.331237792969,3.87226999030119,27.6393442396399
11.09500000,756.897644042969,3.82464917194059,27.6639344035542
11.10000000,774.627868652344,3.83231892321715,27.7131147313827
11.10500000,767.298400878906,3.83619604811177,27.737704895297
11.11000000,751.212951660156,3.83843939645555,27.7622950592112
11.11500000,736.397216796875,3.82661153989549,27.7868852231255
11.12000000,714.617309570312,3.83445631656033,27.8114753870398
11.12500000,714.281311035156,3.76566711527876,27.836065550954
11.13000000,722.3779296875,3.81790878370948,27.8606557148683
11.13500000,721.783020019531,3.84794234948195,27.9098360426969
11.14000000,716.789794921875,3.8435357401572,27.9344262066111
11.14500000,729.146118164062,3.7774410873175,27.9590163705254
11.15000000,752.663208007812,3.79809341136757,27.9836065344397
11.15500000,778.922546386719,3.81126921963427,28.0081966983539
11.16000000,808.261535644531,3.83137950405059,28.0327868622682
11.16500000,815.761779785156,3.74074826285305,28.0573770261825
11.17000000,795.353698730469,3.75405062247198,28.0819671900967
11.17500000,767.932495117187,3.74553110712627,28.1311475179253
11.18000000,756.014404296875,3.74243996125185,28.1557376818396
11.18500000,735.030944824219,3.76183260989539,28.1803278457538
11.19000000,720.933288574219,3.77914593699568,28.2049180096681
11.19500000,727.631469726563,3.78048933937222,28.2295081735824
11.20000000,736.754150390625,3.82739292242424,28.2540983374966
11.20500000,743.572692871094,3.74667455031623,28.2786885014109
11.21000000,740.77587890625,3.78612347194506,28.3278688292395
11.21500000,748.241149902344,3.83884283109086,28.3524589931537
11.22000000,742.151916503906,3.82198823945769,28.377049157068
11.22500000,737.515686035156,3.79306543977868,28.4016393209823
11.23000000,750.7314453125,3.80764084843687,28.4262294848965
11.23500000,763.231872558594,3.76234175690089,28.4508196488108
11.24000000,772.396545410156,3.81994196631641,28.4754098127251
11.24500000,787.696655273437,3.75960866115416,28.4999999766393
11.25000000,802.102294921875,3.74988449792543,28.5491803044679
11.25500000,790.317138671875,3.73117184868191,28.5737704683822
11.26000000,771.766662597656,3.71112466637136,28.5983606322964
11.26500000,755.658813476563,3.78122875477475,28.6229507962107
11.27000000,731.441833496094,3.67073705267085,28.647540960125
11.27500000,718.020263671875,3.72772883396627,28.6721311240392
11.28000000,734.774780273437,3.69107581285976,28.6967212879535
11.28500000,760.047302246094,3.71417682959626,28.7213114518678
11.29000000,771.429260253906,3.74855935053522,28.745901615782
11.29500000,785.703308105469,3.76833815096858,28.7950819436106
11.30000000,791.056274414062,3.7699538158669,28.8196721075249
11.30500000,785.588562011719,3.76410807352522,28.8442622714391
11.31000000,762.954711914062,3.8107514691657,28.8688524353534
11.31500000,739.546813964844,3.77550356411196,28.8934425992677
11.32000000,718.024475097656,3.7589860430205,28.9180327631819
11.32500000,706.075561523437,3.89418998379994,28.9426229270962
11.33000000,726.811157226563,3.71147334453753,28.9672130910105
11.33500000,760.087890625,3.71773542948829,29.016393418839
11.34000000,786.064453125,3.74078557430317,29.0409835827533
11.34500000,789.776794433594,3.78457167449362,29.0655737466676
11.35000000,786.204467773437,3.75300078655928,29.0901639105818
11.35500000,774.976440429688,3.72042795160414,29.1147540744961
11.36000000,760.5078125,3.75608902117337,29.1393442384104
11.36500000,752.325866699219,3.76142927429295,29.1639344023246
11.37000000,754.887512207031,3.73388892529125,29.1885245662389
11.37500000,752.331420898438,3.7534214395136,29.2377048940675
11.38000000,739.264038085938,3.77388733415923,29.2622950579817
11.38500000,729.738220214844,3.7739362121379,29.286885221896
11.39000000,714.442321777344,3.76677756710057,29.3114753858103
11.39500000,696.539916992188,3.77994719875092,29.3360655497245
11.40000000,693.981018066406,3.82838028538087,29.3606557136388
11.40500000,707.672729492188,3.85603972716005,29.3852458775531
11.41000000,729.066284179688,3.85297858701542,29.4098360414673
11.41500000,746.203002929688,3.84980964605853,29.4590163692959
11.42000000,762.554382324219,3.81554885635007,29.4836065332102
11.42500000,752.538635253906,3.75310814900867,29.5081966971244
11.43000000,737.266479492188,3.74557545928982,29.5327868610387
11.43500000,730.698486328125,3.64631046690783,29.557377024953
11.44000000,721.361633300781,3.71223921629312,29.5819671888672
11.44500000,705.382629394531,3.64508701233427,29.6065573527815
11.45000000,687.343078613281,3.79553697944373,29.6311475166958
11.45500000,685.15234375,3.75830059623497,29.6803278445243
11.46000000,682.120300292969,3.70890724973853,29.7049180084386
11.46500000,694.224609375,3.76814647478154,29.7295081723529
11.47000000,707.406799316406,3.72712534089038,29.7540983362671
11.47500000,712.560913085938,3.75690737523191,29.7786885001814
11.48000000,717.018005371094,3.77540950212049,29.8032786640957
11.48500000,728.204040527344,3.81579336166074,29.8278688280099
11.49000000,738.648132324219,3.7701103264061,29.8524589919242
11.49500000,741.173400878906,3.85065898908096,29.8770491558385
11.50000000,743.841491699219,3.82240279375864,29.926229483667
11.50500000,731.822570800781,3.78052845375646,29.9508196475813
11.51000000,702.042663574219,3.77642984970908,29.9754098114956
11.51500000,675.296142578125,3.76286674598502,29.9999999754098
11.52000000,672.426513671875,3.67742781410417,30.0245901393241
11.52500000,690.285522460937,3.67985209407458,30.0491803032384
11.53000000,715.486572265625,3.72834954355541,30.0737704671526
11.53500000,744.061279296875,3.76926141895767,30.0983606310669
11.54000000,764.9228515625,3.75032929495032,30.1475409588955
11.54500000,784.283874511719,3.74510087620919,30.1721311228097
11.55000000,793.525573730469,3.80898960010595,30.196721286724
11.55500000,798.179992675781,3.79831717187984,30.2213114506383
11.56000000,790.279357910156,3.82648696119564,30.2459016145525
11.56500000,760.033264160156,3.83127876873253,30.2704917784668
11.57000000,739.273864746094,3.82265983573626,30.2950819423811
11.57500000,724.518249511719,3.81497085756289,30.3196721062953
11.58000000,716.865417480469,3.79322828712648,30.3688524341239
11.58500000,706.422729492188,3.77349922421878,30.3934425980382
11.59000000,705.669616699219,3.76584282040741,30.4180327619524
11.59500000,706.275695800781,3.75059780341256,30.4426229258667
11.60000000,702.073425292969,3.74433252735239,30.467213089781
11.60500000,698.894409179688,3.76188527215438,30.4918032536952
11.61000000,698.356872558594,3.73753595253845,30.5163934176095
11.61500000,694.140625,3.85591226403294,30.5409835815238
11.62000000,682.989562988281,3.79899503174186,30.5901639093523
11.62500000,685.594665527344,3.77542931365188,30.6147540732666
11.63000000,692.760375976563,3.79933055031847,30.6393442371809
11.63500000,702.52978515625,3.79135538553279,30.6639344010951
11.64000000,707.320007324219,3.79165878692934,30.6885245650094
11.64500000,705.50439453125,3.72528876098007,30.7131147289237
11.65000000,708.719787597656,3.76440179233406,30.7377048928379
11.65500000,701.948852539063,3.72334147931055,30.7622950567522
11.66000000,700.665222167969,3.72237418115433,30.8114753845808
11.66500000,693.794860839844,3.71888281820214,30.836065548495
11.67000000,697.160034179688,3.72237575010536,30.8606557124093
11.67500000,707.657348632813,3.73506112298388,30.8852458763236
11.68000000,711.600646972656,3.74553223662851,30.9098360402378
11.68500000,713.942565917969,3.72148972853156,30.9344262041521
11.69000000,716.641418457031,3.74465306128534,30.9590163680664
11.69500000,726.401062011719,3.7160446110406,30.9836065319807
11.70000000,733.993713378906,3.74927572476101,31.0327868598092
11.70500000,740.974609375,3.78350764770059,31.0573770237235
11.71000000,750.219116210937,3.73457184033013,31.0819671876377
11.71500000,753.26513671875,3.75690640410667,31.106557351552
11.72000000,743.470520019531,3.77159724787268,31.1311475154663
11.72500000,728.310424804687,3.74585508339065,31.1557376793805
11.73000000,727.338928222656,3.73955776340442,31.1803278432948
11.73500000,721.316833496094,3.75393528200277,31.2049180072091
11.74000000,730.397521972656,3.8056832162069,31.2295081711234
11.74500000,750.843444824219,3.80738251811259,31.2786884989519
11.75000000,775.050659179688,3.80360177667929,31.3032786628662
11.75500000,775.845764160156,3.81851536732585,31.3278688267804
11.76000000,753.344909667969,3.84795577604664,31.3524589906947
11.76500000,731.462829589844,3.78556996756679,31.377049154609
11.77000000,707.506164550781,3.83601254734399,31.4016393185232
11.77500000,690.380676269531,3.83655616334949,31.4262294824375
11.78000000,672.838073730469,3.81034306718929,31.4754098102661
11.78500000,655.313598632813,3.78482977989308,31.4999999741803
11.79000000,637.090637207031,3.78523927344598,31.5245901380946
11.79500000,642.285400390625,3.77889333605181,31.5491803020089
11.80000000,668.456604003906,3.80030742957343,31.5737704659231
11.80500000,694.244201660156,3.79814129390327,31.5983606298374
11.81000000,722.634094238281,3.72367485221398,31.6229507937517
11.81500000,742.475280761719,3.83664413552736,31.647540957666
11.82000000,749.821533203125,3.83418545747102,31.6967212854945
11.82500000,744.523193359375,3.81153744566819,31.7213114494088
11.83000000,739.061096191406,3.75285624097683,31.745901613323
11.83500000,739.786193847656,3.79911394384853,31.7704917772373
11.84000000,737.966430664062,3.80803306847734,31.7950819411516
11.84500000,747.667236328125,3.78447267363806,31.8196721050658
11.85000000,764.10400390625,3.85046718190757,31.8442622689801
11.85500000,782.765075683594,3.85366870962755,31.8934425968087
11.86000000,777.195190429688,3.83654712684228,31.9180327607229
11.86500000,758.714660644531,3.84829166663415,31.9426229246372
11.87000000,730.205749511719,3.87770796019398,31.9672130885515
11.87500000,709.566711425781,3.88641758345598,31.9918032524657
11.88000000,716.05908203125,3.87977941575298,32.01639341638
11.88500000,732.304077148438,3.88414461676822,32.0655737442085
11.89000000,738.803527832031,3.89351928817395,32.0901639081228
11.89500000,725.430969238281,3.84327108977382,32.1147540720371
11.90000000,718.476623535156,3.85470545566095,32.1393442359514
11.90500000,718.210632324219,3.86982959236018,32.1639343998656
11.91000000,724.024108886719,3.81613791325302,32.1885245637799
11.91500000,738.677490234375,3.77575264850296,32.2131147276942
11.92000000,749.538757324219,3.80829199782204,32.2622950555227
11.92500000,750.811218261719,3.83190787625556,32.286885219437
11.93000000,745.013122558594,3.77349536941562,32.3114753833513
11.93500000,754.424194335938,3.78464150701666,32.3360655472655
11.94000000,755.038696289063,3.78653343239374,32.3606557111798
11.94500000,753.647277832031,3.7900748439364,32.3852458750941
11.95000000,752.400024414062,3.75867076671802,32.4098360390083
11.95500000,747.639221191406,3.86139035770817,32.4344262029226
11.96000000,730.2841796875,3.87073961717926,32.4836065307511
11.96500000,713.333618164062,3.87293163841972,32.5081966946654
11.97000000,713.847412109375,3.86888870868675,32.5327868585797
11.97500000,707.843505859375,3.86188409930268,32.557377022494
11.98000000,712.34814453125,3.81046176722241,32.5819671864082
11.98500000,726.797180175781,3.87286342836897,32.6065573503225
11.99000000,743.845703125,3.73607469873216,32.6311475142368
11.99500000,763.461486816406,3.69425888423679,32.6803278420653
12.00000000,780.042419433594,3.64725562243317,32.7049180059796
12.00500000,791.154235839844,3.58889274068646,32.7295081698938
12.01000000,785.778930664062,3.71154146697744,32.7540983338081
12.01500000,784.899841308594,3.62342222294055,32.7786884977224
12.02000000,784.610046386719,3.67889110936492,32.8032786616367
12.02500000,790.371765136719,3.68293581397955,32.8278688255509
12.03000000,788.10400390625,3.66407610635165,32.8524589894652
12.03500000,792.531677246094,3.72508402166748,32.8770491533795
12.04000000,788.13623046875,3.69523419184028,32.9016393172937
12.04500000,764.574340820312,3.70346080018693,32.9508196451223
12.05000000,742.860229492188,3.72815634513419,32.9754098090366
12.05500000,723.821166992188,3.78349577331307,32.9999999729508
12.06000000,702.294616699219,3.72174771022669,33.0245901368651
12.06500000,680.997619628906,3.77772747415725,33.0491803007794
12.07000000,679.627197265625,3.84805537516356,33.0737704646936
12.07500000,692.567199707031,3.77714005889028,33.0983606286079
12.08000000,709.834106445313,3.75823040367658,33.1229507925222
12.08500000,729.270690917969,3.78616035352987,33.1475409564364
12.09000000,737.619262695313,3.78602870056119,33.196721284265
12.09500000,735.228332519531,3.75614282044055,33.2213114481793
12.10000000,732.728271484375,3.65125962277705,33.2459016120935
12.10500000,748.826293945313,3.65322177751784,33.2704917760078
12.11000000,768.190063476563,3.67085022608252,33.2950819399221
12.11500000,782.948486328125,3.68528004728743,33.3196721038363
12.12000000,794.084106445313,3.72550577293001,33.3442622677506
12.12500000,794.14990234375,3.74491421588552,33.3688524316649
12.13000000,793.951110839844,3.75774025772262,33.3934425955791
12.13500000,780.967712402344,3.75529835618495,33.4426229234077
12.14000000,776.173278808594,3.76614245859902,33.467213087322
12.14500000,765.503784179688,3.82354492300888,33.4918032512362
12.15000000,747.178649902344,3.8342992151366,33.5163934151505
12.15500000,727.34033203125,3.82102236598049,33.5409835790648
12.16000000,708.854187011719,3.82084547616694,33.565573742979
12.16500000,690.6396484375,3.8372761367202,33.5901639068933
12.17000000,683.692321777344,3.84030477660171,33.6393442347218
12.17500000,695.616027832031,3.83173735008023,33.6639343986361
12.18000000,715.738525390625,3.75647106913371,33.6885245625504
12.18500000,740.402099609375,3.72565466241228,33.7131147264647
12.19000000,764.55615234375,3.69527936202676,33.7377048903789
12.19500000,783.583984375,3.76510823122883,33.7622950542932
12.20000000,790.853271484375,3.70711047494347,33.7868852182075
12.20500000,772.085815429688,3.70490629256541,33.8114753821217
12.21000000,752.72900390625,3.78055611569433,33.836065546036
12.21500000,733.16357421875,3.74747050265527,33.8852458738646
12.22000000,730.256164550781,3.7388040408605,33.9098360377788
12.22500000,737.258117675781,3.78760470236215,33.9344262016931
12.23000000,745.542297363281,3.78052641481325,33.9590163656074
12.23500000,748.773071289063,3.75426369384801,33.9836065295216
12.24000000,758.429077148438,3.77285700716737,34.0081966934359
12.24500000,772.444152832031,3.62577579970125,34.0327868573502
12.25000000,773.925170898438,3.6811290857692,34.0573770212644
12.25500000,779.9990234375,3.57992271379138,34.0819671851787
12.26000000,787.156311035156,3.62419174443926,34.1311475130073
12.26500000,792.83544921875,3.66305609698802,34.1557376769215
12.27000000,795.559509277344,3.64047171464425,34.1803278408358
12.27500000,799.137451171875,3.64381802161194,34.2049180047501
12.28000000,807.605041503906,3.67864998711089,34.2295081686643
12.28500000,801.044006347656,3.6593835028762,34.2540983325786
12.29000000,805.375061035156,3.63645005072745,34.2786884964929
12.29500000,816.720703125,3.67949018638499,34.3032786604071
12.30000000,820.3896484375,3.70994917318704,34.3278688243214
12.30500000,799.585388183594,3.68467352479376,34.3524589882357
12.31000000,778.69580078125,3.68830465942709,34.4016393160642
12.31500000,771.782043457031,3.69979745663396,34.4262294799785
12.32000000,776.806030273437,3.73092272571955,34.4508196438928
12.32500000,791.281616210937,3.68389388139905,34.475409807807
12.33000000,800.1201171875,3.68352770232825,34.4999999717213
12.33500000,807.47900390625,3.71536548336021,34.5245901356356
12.34000000,800.722045898438,3.68269808115272,34.5491802995499
12.34500000,804.21044921875,3.65196077952296,34.5737704634641
12.35000000,807.55322265625,3.6495657411431,34.5983606273784
12.35500000,810.484436035156,3.66527828471056,34.6229507912927
12.36000000,816.600280761719,3.62415610033119,34.6475409552069
12.36500000,820.833374023437,3.65290339190361,34.6967212830355
12.37000000,829.638305664062,3.66314402223901,34.7213114469497
12.37500000,830.140808105469,3.61251597913381,34.745901610864
12.38000000,837.2939453125,3.6633502324211,34.7704917747783
12.38500000,847.603698730469,3.67010304671559,34.7950819386926
12.39000000,849.52001953125,3.70712967522549,34.8196721026068
12.39500000,847.613464355469,3.623160926368,34.8442622665211
12.40000000,841.177062988281,3.67973219268038,34.8688524304354
12.40500000,836.077514648438,3.64537900137964,34.8934425943496
12.41000000,820.020080566406,3.6123220348526,34.9180327582639
12.41500000,807.418823242188,3.69821254481757,34.9426229221782
12.42000000,791.136047363281,3.67747224805706,34.9918032500067
12.42500000,786.389221191406,3.65207461570853,35.016393413921
12.43000000,782.696472167969,3.66883879893464,35.0409835778353
12.43500000,781.142700195313,3.75283853527842,35.0655737417495
12.44000000,781.251892089844,3.71328370924741,35.0901639056638
12.44500000,773.190246582031,3.72982157101772,35.1147540695781
12.45000000,771.476867675781,3.81813124255752,35.1393442334923
12.45500000,769.060791015625,3.70024649734691,35.1639343974066
12.46000000,771.560852050781,3.6616486532715,35.1885245613209
12.46500000,774.902221679688,3.68844188320565,35.2377048891494
12.47000000,771.954223632813,3.71323563846862,35.2622950530637
12.47500000,751.641296386719,3.69399401357914,35.286885216978
12.48000000,725.456176757812,3.65777724742331,35.3114753808922
12.48500000,723.954162597656,3.68943949607463,35.3360655448065
12.49000000,732.511291503906,3.69310606347164,35.3606557087208
12.49500000,749.302185058594,3.68484463642799,35.385245872635
12.50000000,763.019104003906,3.71611896571891,35.4098360365493
12.50500000,774.091735839844,3.70217396132726,35.4344262004636
12.51000000,782.186950683594,3.72182137437979,35.4590163643778
12.51500000,785.931518554687,3.71914257961278,35.5081966922064
12.52000000,801.825134277344,3.72523317587139,35.5327868561207
12.52500000,806.091796875,3.77698022549062,35.5573770200349
12.53000000,811.912292480469,3.77549533698978,35.5819671839492
12.53500000,820.726989746094,3.76643684025824,35.6065573478635
12.54000000,829.823059082031,3.7556724208825,35.6311475117777
12.54500000,834.366882324219,3.75581851091992,35.655737675692
12.55000000,844.546447753906,3.68678434035279,35.6803278396063
12.55500000,858.499938964844,3.69365638351349,35.7295081674348
12.56000000,868.6220703125,3.69924464456446,35.7540983313491
12.56500000,887.704528808594,3.61673127315996,35.7786884952634
12.57000000,899.734619140625,3.68076145213735,35.8032786591776
12.57500000,898.802368164062,3.65737692079392,35.8278688230919
12.58000000,874.049194335938,3.73201525914017,35.8524589870062
12.58500000,848.0068359375,3.65812379659644,35.8770491509204
12.59000000,831.81640625,3.71564317677786,35.9016393148347
12.59500000,815.26904296875,3.68120723966861,35.926229478749
12.60000000,809.398193359375,3.68751546422639,35.9508196426633
12.60500000,807.313842773437,3.75121641560938,35.9754098065775
12.61000000,809.142028808594,3.75095991840713,36.0245901344061
12.61500000,802.513854980469,3.73887322075889,36.0491802983203
12.62000000,803.517517089844,3.71902229320475,36.0737704622346
12.62500000,813.845458984375,3.70383129027536,36.0983606261489
12.63000000,810.47607421875,3.66937192676945,36.1229507900632
12.63500000,800.106140136719,3.64376599271557,36.1475409539774
12.64000000,784.699645996094,3.71073479246642,36.1721311178917
12.64500000,783.126220703125,3.59545637324555,36.196721281806
12.65000000,786.907165527344,3.60718695201371,36.2213114457202
12.65500000,823.402038574219,3.59726511880813,36.2459016096345
12.66000000,868.963623046875,3.63181453657267,36.295081937463
12.66500000,893.000061035156,3.65817281749549,36.3196721013773
12.67000000,896.17626953125,3.61347218551485,36.3442622652916
12.67500000,889.682495117187,3.64770285516128,36.3688524292059
12.68000000,870.698059082031,3.68364947541362,36.3934425931201
12.68500000,834.14013671875,3.68059098035725,36.4180327570344
12.69000000,809.916137695313,3.70386447350383,36.4426229209487
12.69500000,783.939514160156,3.74823168864982,36.4672130848629
12.70000000,760.526000976563,3.81344363790865,36.4918032487772
12.70500000,747.948547363281,3.83119277366364,36.5163934126915
12.71000000,742.251281738281,3.85345160727978,36.56557374052
12.71500000,741.747314453125,3.87648295565741,36.5901639044343
12.72000000,737.298706054687,3.89226159558134,36.6147540683486
12.72500000,750.377258300781,3.86682487650306,36.6393442322628
12.73000000,765.836975097656,3.8291945338197,36.6639343961771
12.73500000,783.137451171875,3.83537042934532,36.6885245600914
12.74000000,794.799377441406,3.79922510824438,36.7377048879199
12.74500000,786.583801269531,3.75730228636957,36.7622950518342
12.75000000,755.57763671875,3.70714667640913,36.7868852157485
12.75500000,712.898315429688,3.69921908822367,36.8114753796627
12.76000000,698.652282714844,3.71182824758307,36.836065543577
12.76500000,701.535888671875,3.77440633031618,36.8606557074913
12.77000000,721.830627441406,3.80605008518221,36.8852458714055
12.77500000,764.483337402344,3.81781124904367,36.9098360353198
12.78000000,808.404296875,3.86056107293315,36.9590163631483
12.78500000,834.084167480469,3.90372379686641,36.9836065270626
12.79000000,842.799499511719,3.94420400584476,37.0081966909769
12.79500000,845.235168457031,3.94649172690868,37.0327868548912
12.80000000,820.575805664062,3.97371926071877,37.0573770188054
12.80500000,792.960021972656,3.89438921967336,37.0819671827197
12.81000000,772.077392578125,3.89218152226348,37.1311475105482
12.81500000,749.524780273437,3.89796007633224,37.1557376744625
12.82000000,724.614868164062,3.85241175967493,37.1803278383768
12.82500000,724.616271972656,3.84688499990345,37.2049180022911
12.83000000,748.736694335938,3.79033704650327,37.2295081662053
12.83500000,776.888610839844,3.80637261648733,37.2540983301196
12.84000000,826.989807128906,3.84524372608207,37.2786884940339
12.84500000,869.972900390625,3.87865585385027,37.3278688218624
12.85000000,887.960693359375,3.88942056237961,37.3524589857767
12.85500000,872.716552734375,3.8422132426094,37.3770491496909
12.86000000,846.257019042969,3.86547738335742,37.4016393136052
12.86500000,805.751647949219,3.85668968715223,37.4262294775195
12.87000000,754.315002441406,3.81741196115812,37.4508196414338
12.87500000,725.115966796875,3.82574105431834,37.475409805348
12.88000000,723.343811035156,3.80792330727042,37.5245901331766
12.88500000,740.08154296875,3.78610234754298,37.5491802970908
12.89000000,755.549621582031,3.74237431787997,37.5737704610051
12.89500000,783.481811523437,3.73413470253689,37.5983606249194
12.90000000,801.493347167969,3.75196356835102,37.6229507888337
12.90500000,810.603454589844,3.74375375873022,37.6475409527479
12.91000000,816.646484375,3.73766354490859,37.6721311166622
12.91500000,790.283569335938,3.74936374066379,37.6967212805765
12.92000000,752.81298828125,3.75222648132671,37.745901608405
12.92500000,727.58251953125,3.76949459555952,37.7704917723193
12.93000000,727.450927734375,3.83103992480142,37.7950819362335
12.93500000,727.187744140625,3.7543024099476,37.8196721001478
12.94000000,737.902038574219,3.78331494110262,37.8442622640621
12.94500000,759.032409667969,3.7236946531277,37.8688524279764
12.95000000,790.6279296875,3.79408914124395,37.8934425918906
12.95500000,819.08642578125,3.67088094273688,37.9180327558049
12.96000000,841.396850585938,3.60833673703862,37.9426229197192
12.96500000,854.160461425781,3.63031844339042,37.9918032475477
12.97000000,825.625,3.64541963343258,38.016393411462
12.97500000,779.741455078125,3.62296369592452,38.0409835753762
12.98000000,736.940307617187,3.66048893174674,38.0655737392905
12.98500000,708.294250488281,3.65123947689045,38.0901639032048
12.99000000,681.533752441406,3.64737342188726,38.1147540671191
12.99500000,677.2783203125,3.7077979617724,38.1393442310333
13.00000000,695.098083496094,3.66276109294502,38.1639343949476
13.00500000,727.305297851562,3.75484733790408,38.1885245588619
13.01000000,777.006164550781,3.74226196699437,38.2131147227761
13.01500000,816.514892578125,3.78782137298939,38.2622950506047
13.02000000,832.902709960937,3.82670408497191,38.2868852145189
13.02500000,812.869750976563,3.80723197298893,38.3114753784332
13.03000000,790.788879394531,3.82728337462443,38.3360655423475
13.03500000,766.786071777344,3.82302810760205,38.3606557062618
13.04000000,758.101501464844,3.76190657031981,38.385245870176
13.04500000,772.185180664062,3.74472157294342,38.4098360340903
13.05000000,777.755126953125,3.7960912101123,38.4344261980046
13.05500000,774.597106933594,3.76625005843148,38.4836065258331
13.06000000,758.965209960937,3.74366468083812,38.5081966897474
13.06500000,757.752990722656,3.73519658229359,38.5327868536616
13.07000000,755.196899414062,3.71246323264125,38.5573770175759
13.07500000,754.516540527344,3.71333610672227,38.5819671814902
13.08000000,768.569458007812,3.67757578805882,38.6065573454045
13.08500000,782.634887695313,3.7006467840202,38.6311475093187
13.09000000,785.630554199219,3.73378878337303,38.655737673233
13.09500000,780.277587890625,3.76828776256479,38.6803278371473
13.10000000,781.438049316406,3.7553255421349,38.7295081649758
13.10500000,773.496826171875,3.75662409038166,38.7540983288901
13.11000000,775.954895019531,3.77696671246473,38.7786884928044
13.11500000,783.534973144531,3.78090215868491,38.8032786567186
13.12000000,794.921203613281,3.78172239372467,38.8278688206329
13.12500000,793.8544921875,3.71381149361829,38.8524589845472
13.13000000,801.207824707031,3.789121563437,38.8770491484614
13.13500000,808.398742675781,3.6680987967544,38.9016393123757
13.14000000,806.731506347656,3.73925684769437,38.9508196402042
13.14500000,817.032836914062,3.78774824092813,38.9754098041185
13.15000000,826.6650390625,3.73880012676611,38.9999999680328
13.15500000,827.544128417969,3.78419723166211,39.0245901319471
13.16000000,813.7978515625,3.74582941326632,39.0491802958613
13.16500000,802.867980957031,3.79499882827888,39.0737704597756
13.17000000,790.632080078125,3.7678246547904,39.0983606236899
13.17500000,777.140563964844,3.83513712378813,39.1229507876041
13.18000000,785.104187011719,3.80866719437214,39.1721311154327
13.18500000,800.589050292969,3.75517532548494,39.196721279347
13.19000000,812.592590332031,3.68111513113808,39.2213114432612
13.19500000,804.988708496094,3.71627304832258,39.2459016071755
13.20000000,796.148803710937,3.74714370872533,39.2704917710898
13.20500000,784.223693847656,3.70957117407567,39.295081935004
13.21000000,786.845581054687,3.68066671712807,39.3196720989183
13.21500000,803.486694335938,3.69592257332216,39.3442622628326
13.22000000,819.983703613281,3.75494136998064,39.3688524267468
13.22500000,834.975830078125,3.74318167367127,39.4180327545754
13.23000000,833.871398925781,3.73945496542937,39.4426229184897
13.23500000,833.892395019531,3.78749831351922,39.4672130824039
13.24000000,812.631774902344,3.79348012441235,39.4918032463182
13.24500000,789.383483886719,3.753723552225,39.5163934102325
13.25000000,787.511901855469,3.78894797520032,39.5409835741467
13.25500000,791.053466796875,3.73443177322439,39.565573738061
13.26000000,791.235412597656,3.73396297350953,39.5901639019753
13.26500000,794.813415527344,3.71906388351098,39.6393442298038
13.27000000,797.475891113281,3.70753181006219,39.6639343937181
13.27500000,785.741088867187,3.72645261015936,39.6885245576324
13.28000000,770.708374023437,3.69788425778268,39.7131147215466
13.28500000,757.9853515625,3.68046783632945,39.7377048854609
13.29000000,753.881042480469,3.66883172629098,39.7622950493752
13.29500000,756.952270507812,3.68456374475371,39.7868852132894
13.30000000,767.338989257812,3.65115775961028,39.8114753772037
13.30500000,794.635620117187,3.73090823921822,39.836065541118
13.31000000,809.462585449219,3.66482172050027,39.8606557050322
13.31500000,818.2548828125,3.66747621459337,39.9098360328608
13.32000000,825.482238769531,3.6709788216368,39.9344261967751
13.32500000,832.97265625,3.67864323809735,39.9590163606893
13.33000000,825.247009277344,3.79685951091572,39.9836065246036
13.33500000,808.626892089844,3.71326882525986,40.0081966885179
13.34000000,797.089538574219,3.75231672021062,40.0327868524321
13.34500000,782.8896484375,3.76435842043375,40.0573770163464
13.35000000,774.528503417969,3.74703653161683,40.0819671802607
13.35500000,770.736389160156,3.78239227404184,40.106557344175
13.36000000,773.264465332031,3.76066895796267,40.1557376720035
13.36500000,773.695617675781,3.72963992172724,40.1803278359178
13.37000000,772.322387695313,3.68852490419889,40.204917999832
13.37500000,774.361938476563,3.63883723965188,40.2295081637463
13.38000000,758.812622070312,3.56638666404005,40.2540983276606
13.38500000,743.835876464844,3.54896540225138,40.2786884915748
13.39000000,741.884521484375,3.56788924788783,40.3032786554891
13.39500000,757.895751953125,3.58826841336632,40.3278688194034
13.40000000,772.76611328125,3.5676463982747,40.3524589833177
13.40500000,789.391845703125,3.58678265370911,40.3770491472319
13.41000000,803.602905273437,3.67063593287176,40.4016393111462
13.41500000,804.039672851562,3.68352012640672,40.4262294750605
13.42000000,799.347412109375,3.6605443310466,40.475409802889
13.42500000,789.673217773437,3.64896215586126,40.4999999668033
13.43000000,786.790954589844,3.72673902110082,40.5245901307175
13.43500000,780.693359375,3.70600689614691,40.5491802946318
13.44000000,786.044860839844,3.72008388528077,40.5737704585461
13.44500000,798.517333984375,3.7254473165731,40.5983606224604
13.45000000,808.513488769531,3.71954983038789,40.6229507863746
13.45500000,814.737121582031,3.71586564541788,40.6475409502889
13.46000000,814.010620117187,3.68091535325756,40.6721311142032
13.46500000,806.014831542969,3.72474318867899,40.6967212781174
13.47000000,785.385559082031,3.69111517618911,40.745901605946
13.47500000,766.984802246094,3.6550667767507,40.7704917698602
13.48000000,764.179565429688,3.63561567827653,40.7950819337745
13.48500000,758.50048828125,3.66380486621596,40.8196720976888
13.49000000,762.328979492188,3.65235232637836,40.8442622616031
13.49500000,778.631408691406,3.69994176925931,40.8688524255173
13.50000000,804.115234375,3.69820310146224,40.8934425894316
13.50500000,805.971435546875,3.63017030754292,40.9180327533459
13.51000000,803.453125,3.71534125978779,40.9426229172601
13.51500000,804.29443359375,3.60181135477256,40.9672130811744
13.52000000,800.827026367187,3.64218616204987,41.016393409003
13.52500000,797.842590332031,3.68966759746333,41.0409835729172
13.53000000,794.376647949219,3.59743603552922,41.0655737368315
13.53500000,785.801330566406,3.65075151948857,41.0901639007458
13.54000000,765.695556640625,3.59300241429875,41.11475406466
13.54500000,751.295593261719,3.63317588417107,41.1393442285743
13.55000000,750.717407226563,3.65622551012427,41.1639343924886
13.55500000,758.58447265625,3.66030706959645,41.1885245564028
13.56000000,773.306457519531,3.63255090699487,41.2131147203171
13.56500000,785.018798828125,3.7369597752479,41.2377048842314
13.57000000,794.240844726563,3.63135921851802,41.2622950481457
13.57500000,797.575256347656,3.74249351964193,41.2868852120599
13.58000000,798.821105957031,3.7462631357123,41.3360655398885
13.58500000,793.280578613281,3.72407427452813,41.3606557038027
13.59000000,784.834045410156,3.64584429115095,41.385245867717
13.59500000,785.305786132813,3.66999385873483,41.4098360316313
13.60000000,780.703125,3.69109968797952,41.4344261955456
13.60500000,780.647155761719,3.69670294715787,41.4590163594598
13.61000000,776.191467285156,3.63354043708237,41.4836065233741
13.61500000,780.794128417969,3.63754360142026,41.5081966872884
13.62000000,786.946350097656,3.68479805586889,41.5327868512026
13.62500000,797.461853027344,3.6745451513032,41.5573770151169
13.63000000,816.671691894531,3.67559831646415,41.6065573429454
13.63500000,834.134521484375,3.67250053596629,41.6311475068597
13.64000000,838.318603515625,3.65874577840539,41.655737670774
13.64500000,820.970581054687,3.6903036620362,41.6803278346883
13.65000000,802.77978515625,3.64839058458821,41.7049179986025
13.65500000,788.10400390625,3.65650116728002,41.7295081625168
13.66000000,791.004455566406,3.68233586614942,41.7540983264311
13.66500000,817.125244140625,3.66110633331064,41.7786884903453
13.67000000,843.856323242188,3.63459133593399,41.8032786542596
13.67500000,858.509704589844,3.61886238237918,41.8278688181739
13.68000000,857.59423828125,3.63605256742226,41.8524589820881
13.68500000,867.327270507812,3.63227367968113,41.9016393099167
13.69000000,870.789001464844,3.62255883866898,41.926229473831
13.69500000,865.280700683594,3.57231984955175,41.9508196377452
13.70000000,863.228576660156,3.5572899469059,41.9754098016595
13.70500000,864.601806640625,3.60671220524931,41.9999999655738
13.71000000,850.8134765625,3.59801243495321,42.024590129488
13.71500000,827.818542480469,3.66799849257755,42.0491802934023
13.72000000,824.906860351562,3.60395860189719,42.0737704573166
13.72500000,821.786682128906,3.65719727604337,42.0983606212309
13.73000000,829.923889160156,3.66510351058671,42.1229507851451
13.73500000,850.474731445313,3.68788141142278,42.1475409490594
13.74000000,869.047607421875,3.71571261554922,42.1721311129737
13.74500000,874.32080078125,3.71401100628771,42.2213114408022
13.75000000,869.722351074219,3.69621550288491,42.2459016047165
13.75500000,868.970642089844,3.63948126199308,42.2704917686307
13.76000000,848.271423339844,3.65257997495564,42.295081932545
13.76500000,825.696411132813,3.56781796400701,42.3196720964593
13.77000000,816.255920410156,3.58837310946388,42.3442622603736
13.77500000,810.645446777344,3.65948169250028,42.3688524242878
13.78000000,804.290222167969,3.62095461869827,42.3934425882021
13.78500000,807.248046875,3.59185707039554,42.4180327521164
13.79000000,824.164978027344,3.60378137282814,42.4426229160306
13.79500000,826.870849609375,3.68598344440433,42.4672130799449
13.80000000,843.321594238281,3.66873675897313,42.4918032438592
13.80500000,866.292785644531,3.66900510281312,42.5409835716877
13.81000000,885.21142578125,3.66857034590989,42.565573735602
13.81500000,883.303466796875,3.68275744018014,42.5901638995163
13.82000000,886.128295898438,3.71180638566811,42.6147540634305
13.82500000,882.642761230469,3.68375827059708,42.6393442273448
13.83000000,867.531616210937,3.69802103563029,42.6639343912591
13.83500000,871.001770019531,3.67884898383068,42.6885245551733
13.84000000,877.988342285156,3.72294038824874,42.7131147190876
13.84500000,883.663208007812,3.66721506232417,42.7377048830019
13.85000000,878.005126953125,3.74535480978033,42.7622950469162
13.85500000,880.645202636719,3.73437271971523,42.8114753747447
13.86000000,886.038757324219,3.71981356646174,42.836065538659
13.86500000,882.723937988281,3.69069603278504,42.8606557025732
13.87000000,885.923950195313,3.69685027825967,42.8852458664875
13.87500000,887.02978515625,3.70923797633303,42.9098360304018
13.88000000,889.34375,3.72980454794825,42.934426194316
13.88500000,896.533264160156,3.70383905785159,42.9590163582303
13.89000000,918.966857910156,3.66049505908198,42.9836065221446
13.89500000,917.904418945313,3.76051215454371,43.0081966860589
13.90000000,913.759521484375,3.73839742839355,43.0573770138874
13.90500000,915.874633789063,3.70797034916852,43.0819671778017
13.91000000,909.207275390625,3.671460267234,43.1065573417159
13.91500000,900.025817871094,3.66448402030311,43.1311475056302
13.92000000,901.954772949219,3.68694349244757,43.1557376695445
13.92500000,914.287231445313,3.6726677580649,43.1803278334587
13.93000000,909.46484375,3.68688856717789,43.204917997373
13.93500000,905.956848144531,3.66317351961304,43.2295081612873
13.94000000,905.282165527344,3.68707493419916,43.2540983252016
13.94500000,898.187866210937,3.64492461543851,43.2786884891158
13.95000000,882.294189453125,3.64103733808576,43.3278688169444
13.95500000,872.431030273437,3.64654172753396,43.3524589808586
13.96000000,869.550170898438,3.67786303832181,43.3770491447729
13.96500000,862.954162597656,3.63226938978065,43.4016393086872
13.97000000,871.136169433594,3.66404192456177,43.4262294726014
13.97500000,882.238220214844,3.5841624523655,43.4508196365157
13.98000000,893.576782226563,3.61774181233519,43.47540980043
13.98500000,893.287048339844,3.6450761896842,43.4999999643443
13.99000000,902.997619628906,3.67878634857521,43.5245901282585
13.99500000,909.677612304687,3.68217525933701,43.5491802921728
14.00000000,916.396789550781,3.69956757517372,43.5737704560871
14.00500000,937.278015136719,3.68257899452382,43.5983606200013
14.01000000,949.040771484375,3.68255339909534,43.6475409478299
14.01500000,941.740661621094,3.68094522253814,43.6721311117442
14.02000000,926.983703613281,3.65972989928181,43.6967212756584
14.02500000,926.972473144531,3.63938527360442,43.7213114395727
14.03000000,925.495666503906,3.65745657797817,43.745901603487
14.03500000,929.0400390625,3.62560506765475,43.7704917674012
14.04000000,932.542419433594,3.65905877201375,43.7950819313155
14.04500000,927.218872070312,3.67258906146146,43.8196720952298
14.05000000,918.576293945313,3.6849544926001,43.844262259144
14.05500000,908.156005859375,3.71929420049468,43.8688524230583
14.06000000,901.9169921875,3.7424236320237,43.9180327508869
14.06500000,889.811279296875,3.7604212446892,43.9426229148011
14.07000000,888.1552734375,3.78376743451091,43.9672130787154
14.07500000,876.290344238281,3.78440583938254,43.9918032426297
14.08000000,860.070556640625,3.66453545934205,44.0163934065439
14.08500000,842.27734375,3.70355443641832,44.0409835704582
14.09000000,829.417114257812,3.62652572713472,44.0655737343725
14.09500000,824.272766113281,3.73024161485096,44.0901638982868
14.10000000,809.20361328125,3.63175348501978,44.114754062201
14.10500000,809.281982421875,3.60255579867624,44.1393442261153
14.11000000,817.000671386719,3.62457202637692,44.1885245539438
14.11500000,818.040710449219,3.6532211226955,44.2131147178581
14.12000000,814.357788085938,3.71258829205637,44.2377048817724
14.12500000,807.124877929688,3.7102933525254,44.2622950456866
14.13000000,794.991149902344,3.74342828439764,44.2868852096009
14.13500000,769.970642089844,3.75694248438659,44.3114753735152
14.14000000,767.285766601562,3.79756998844539,44.3360655374295
14.14500000,784.589050292969,3.67433257222812,44.3606557013437
14.15000000,802.093872070312,3.81083875456155,44.385245865258
14.15500000,818.698669433594,3.78609691544514,44.4344261930865
14.16000000,844.375671386719,3.73721127415949,44.4590163570008
14.16500000,862.307495117187,3.65971747421508,44.4836065209151
14.17000000,864.898559570312,3.68888268502942,44.5081966848293
14.17500000,873.559265136719,3.68115109395286,44.5327868487436
14.18000000,874.743530273437,3.70823040881689,44.5573770126579
14.18500000,867.877380371094,3.68640224804505,44.5819671765722
14.19000000,853.26318359375,3.69504017715653,44.6065573404864
14.19500000,848.205627441406,3.69165169401005,44.6311475044007
14.20000000,833.753784179688,3.67505934691895,44.655737668315
14.20500000,820.213256835938,3.66752206094062,44.7049179961435
14.21000000,824.365173339844,3.6540836214248,44.7295081600578
14.21500000,822.592956542969,3.63141918769774,44.7540983239721
14.22000000,811.245971679688,3.65248965079439,44.7786884878863
14.22500000,801.850341796875,3.63052029622525,44.8032786518006
14.23000000,811.488159179688,3.67015688490201,44.8278688157149
14.23500000,806.856079101562,3.71119550403593,44.8524589796291
14.24000000,793.247009277344,3.70905716318716,44.8770491435434
14.24500000,780.438537597656,3.70148550680013,44.9016393074577
14.25000000,768.429443359375,3.70267318738574,44.9262294713719
14.25500000,751.702941894531,3.69378213398349,44.9754097992005
14.26000000,747.269653320312,3.69428657374523,44.9999999631148
14.26500000,764.987243652344,3.71828037754397,45.024590127029
14.27000000,781.604614257812,3.62310791411012,45.0491802909433
14.27500000,803.156372070312,3.63910709941941,45.0737704548576
14.28000000,808.265747070312,3.64509555078591,45.0983606187718
14.28500000,790.622314453125,3.69239049564362,45.1229507826861
14.29000000,762.550170898438,3.66839254446936,45.1475409466004
14.29500000,731.706359863281,3.60722953774448,45.1721311105146
14.30000000,714.113342285156,3.6764636954564,45.1967212744289
14.30500000,701.99365234375,3.61363095485521,45.2213114383432
14.31000000,720.712158203125,3.62835471854813,45.2704917661717
14.31500000,751.268981933594,3.64285716318697,45.295081930086
14.32000000,770.828735351562,3.64199925055433,45.3196720940003
14.32500000,766.576049804687,3.67453409415982,45.3442622579145
14.33000000,761.101379394531,3.66280548186854,45.3688524218288
14.33500000,763.738647460937,3.65471147471135,45.3934425857431
14.34000000,758.620849609375,3.6702428148901,45.4180327496574
14.34500000,757.317626953125,3.65551737061787,45.4426229135716
14.35000000,744.250244140625,3.74276094607326,45.4672130774859
14.35500000,720.322998046875,3.6226736537368,45.4918032414002
14.36000000,691.679748535156,3.66178846088723,45.5163934053144
14.36500000,679.221252441406,3.66783910426116,45.565573733143
14.37000000,684.112243652344,3.67797972086957,45.5901638970572
14.37500000,682.803405761719,3.70007739506081,45.6147540609715
14.38000000,691.499145507812,3.65968608025335,45.6393442248858
14.38500000,698.830017089844,3.68648092332401,45.6639343888001
14.39000000,706.050354003906,3.70248159314455,45.6885245527143
14.39500000,703.695861816406,3.69053999200995,45.7131147166286
14.40000000,714.27294921875,3.72738404216637,45.7377048805429
14.40500000,720.936096191406,3.70568503565832,45.7622950444571
14.41000000,721.813781738281,3.73679588060247,45.7868852083714
14.41500000,738.072814941406,3.72119135138958,45.8360655361999
14.42000000,754.657958984375,3.71765053182371,45.8606557001142
14.42500000,761.87548828125,3.76074364821598,45.8852458640285
14.43000000,765.684387207031,3.75121072883429,45.9098360279428
14.43500000,781.697021484375,3.71823935680212,45.934426191857
14.44000000,783.729553222656,3.70840629553692,45.9590163557713
14.44500000,778.858154296875,3.71519203665012,45.9836065196856
14.45000000,794.051879882813,3.66519663574387,46.0081966835998
14.45500000,799.746398925781,3.76824199045141,46.0327868475141
14.46000000,798.284973144531,3.69590847270709,46.0819671753426
14.46500000,787.294921875,3.63937159211146,46.1065573392569
14.47000000,790.863098144531,3.67613660236324,46.1311475031712
14.47500000,794.168090820312,3.64675441021175,46.1557376670855
14.48000000,807.924194335938,3.71628203394746,46.1803278309997
14.48500000,822.898132324219,3.62610465457334,46.204917994914
14.49000000,825.9931640625,3.69371538960153,46.2295081588283
14.49500000,815.602233886719,3.65433766378328,46.2540983227425
14.50000000,807.682006835938,3.65495247657181,46.2786884866568
14.50500000,809.147644042969,3.69655327648457,46.3032786505711
14.51000000,796.816528320312,3.65235443488926,46.3278688144854
14.51500000,803.30615234375,3.64316464439172,46.3770491423139
14.52000000,824.766906738281,3.64222586508393,46.4016393062282
14.52500000,840.961486816406,3.63645374002767,46.4262294701424
14.53000000,846.534240722656,3.53430934039374,46.4508196340567
14.53500000,854.003662109375,3.55736791989947,46.475409797971
14.54000000,863.90185546875,3.55123276552081,46.4999999618852
14.54500000,849.644653320312,3.54829483494648,46.5245901257995
14.55000000,838.693786621094,3.48546916255907,46.5491802897138
14.55500000,843.506408691406,3.51978920468494,46.5737704536281
14.56000000,837.205749511719,3.56021938959346,46.5983606175423
14.56500000,817.542358398438,3.600958330744,46.6229507814566
14.57000000,798.7119140625,3.56189350071234,46.6475409453709
14.57500000,785.718688964844,3.59070998839778,46.6721311092851
14.58000000,762.949096679688,3.63797887803871,46.6967212731994
14.58500000,767.786926269531,3.62995657107054,46.7213114371137
14.59000000,796.51416015625,3.65338700865412,46.7704917649422
14.59500000,829.379333496094,3.66975400982767,46.7950819288565
14.60000000,846.935974121094,3.66772440710411,46.8196720927708
14.60500000,866.894714355469,3.68458039880453,46.844262256685
14.61000000,893.317810058594,3.63849926694881,46.8688524205993
14.61500000,911.270629882813,3.63311996887783,46.8934425845136
14.62000000,924.233032226563,3.64219379219854,46.9180327484278
14.62500000,924.879760742188,3.61772878637594,46.9426229123421
14.63000000,910.814270019531,3.61446150432632,46.9672130762564
14.63500000,883.110290527344,3.63672040329671,46.9918032401707
14.64000000,865.867248535156,3.68852140534688,47.0163934040849
14.64500000,856.688537597656,3.70082612704618,47.0655737319135
14.65000000,849.984802246094,3.70148894213681,47.0901638958277
14.65500000,868.122375488281,3.65260262176778,47.114754059742
14.66000000,890.241027832031,3.67167839720104,47.1393442236563
14.66500000,906.001647949219,3.69289484668954,47.1639343875705
14.67000000,905.027404785156,3.74654367893315,47.1885245514848
14.67500000,904.561279296875,3.72739346736093,47.2131147153991
14.68000000,887.138977050781,3.67210870894171,47.2377048793134
14.68500000,859.411193847656,3.79441144688488,47.2622950432276
14.69000000,845.307983398438,3.78044193977633,47.3114753710562
14.69500000,847.970458984375,3.77858589624807,47.3360655349704
14.70000000,861.600524902344,3.85302339273655,47.3606556988847
14.70500000,878.843627929688,3.84473258383196,47.385245862799
14.71000000,910.394348144531,3.84066383983469,47.4098360267132
14.71500000,932.783142089844,3.87324568702899,47.4344261906275
14.72000000,947.001220703125,3.81330227727978,47.4590163545418
14.72500000,955.8271484375,3.79857223571795,47.5081966823703
14.73000000,935.666809082031,3.81583569970336,47.5327868462846
14.73500000,895.823547363281,3.85009713528063,47.5573770101989
14.74000000,863.689086914062,3.70749383099409,47.5819671741131
14.74500000,858.79248046875,3.71668634399305,47.6065573380274
14.75000000,859.605773925781,3.74362906787441,47.6311475019417
14.75500000,871.844482421875,3.73946310115786,47.6557376658559
14.76000000,887.442749023437,3.63381640196791,47.6803278297702
14.76500000,894.881469726563,3.7078812314851,47.7049179936845
14.77000000,896.114685058594,3.68857137596282,47.754098321513
14.77500000,898.463623046875,3.66182643526777,47.7786884854273
14.78000000,902.462890625,3.62818571587276,47.8032786493416
14.78500000,875.352478027344,3.61151256403271,47.8278688132558
14.79000000,849.634826660156,3.5942617197839,47.8524589771701
14.79500000,831.610656738281,3.60068681870925,47.8770491410844
14.80000000,817.944152832031,3.58057764381639,47.9016393049987
14.80500000,804.225830078125,3.61883551084152,47.9262294689129
14.81000000,802.491455078125,3.63614763796705,47.9508196328272
14.81500000,807.252258300781,3.63046610859575,47.9754097967415
14.82000000,804.13623046875,3.60742244868396,47.9999999606557
14.82500000,813.004150390625,3.57892326089573,48.02459012457
14.83000000,827.668762207031,3.60349632072568,48.0491802884843
14.83500000,828.638793945313,3.57082972945597,48.0983606163128
14.84000000,810.904418945313,3.52530560342209,48.1229507802271
14.84500000,799.96337890625,3.36850445302456,48.1475409441414
14.85000000,802.009887695313,3.36858758990623,48.1721311080556
14.85500000,795.012145996094,3.47361789629642,48.1967212719699
14.86000000,798.228942871094,3.4072511254633,48.2213114358842
14.86500000,799.26904296875,3.53873892977012,48.2459015997984
14.87000000,803.031799316406,3.43377911954949,48.2704917637127
14.87500000,803.003784179688,3.45757319440497,48.295081927627
14.88000000,816.076782226563,3.50748271958567,48.3196720915412
14.88500000,824.827087402344,3.5094061831086,48.3442622554555
14.89000000,819.978088378906,3.58351891773699,48.3688524193698
14.89500000,811.044372558594,3.59718182111624,48.3934425832841
14.90000000,802.953369140625,3.5905097147188,48.4180327471983
14.90500000,795.005187988281,3.51572678010972,48.4426229111126
14.91000000,785.195190429688,3.5068040009053,48.4672130750269
14.91500000,783.861145019531,3.46047214288074,48.4918032389411
14.92000000,782.305908203125,3.47486343135613,48.5163934028554
14.92500000,781.184692382813,3.46798073764492,48.5409835667697
14.93000000,787.482482910156,3.56997623038364,48.565573730684
14.93500000,796.192199707031,3.45215702778262,48.5901638945982
14.94000000,800.13134765625,3.46733211077753,48.6147540585125
14.94500000,797.638244628906,3.48736417571989,48.6393442224268
14.95000000,803.971069335938,3.54023739357542,48.663934386341
14.95500000,796.090026855469,3.55304170544961,48.7131147141696
14.96000000,791.306823730469,3.57401883322125,48.7377048780838
14.96500000,800.059936523437,3.65503755381833,48.7622950419981
14.97000000,811.191345214844,3.63796971491941,48.7868852059124
14.97500000,817.945556640625,3.65113825715106,48.8114753698267
14.98000000,815.495849609375,3.6534443581213,48.8360655337409
14.98500000,815.169677734375,3.62964065710454,48.8606556976552
14.99000000,811.810119628906,3.58723222221537,48.8852458615695
14.99500000,831.127685546875,3.57883061397558,48.9098360254837
15.00000000,863.705871582031,3.54784249473193,48.934426189398
15.00500000,886.474060058594,3.59024659204775,48.9590163533123
15.01000000,889.109985351562,3.60342997745459,48.9836065172266
15.01500000,877.324829101562,3.63958944857113,49.0081966811408
15.02000000,870.670043945313,3.63318509614341,49.0573770089694
15.02500000,862.770812988281,3.63064494093824,49.0819671728836
15.03000000,858.184997558594,3.6505251927815,49.1065573367979
15.03500000,855.024169921875,3.65041540407846,49.1311475007122
15.04000000,845.113403320312,3.68518085032055,49.1557376646264
15.04500000,826.135925292969,3.61212853219775,49.1803278285407
15.05000000,801.053833007812,3.64790820696022,49.204917992455
15.05500000,790.26953125,3.5969934489057,49.2295081563693
15.06000000,783.27880859375,3.65009012244306,49.2540983202835
15.06500000,798.318542480469,3.58116057634945,49.2786884841978
15.07000000,822.287780761719,3.51087631892701,49.3032786481121
15.07500000,849.094482421875,3.59580546720635,49.3278688120263
15.08000000,855.200561523437,3.52730573488253,49.3524589759406
15.08500000,864.541564941406,3.54885786910376,49.4016393037691
15.09000000,879.078796386719,3.56907356788533,49.4262294676834
15.09500000,886.986389160156,3.55538840596634,49.4508196315977
15.10000000,899.642272949219,3.56060595125726,49.475409795512
15.10500000,921.728759765625,3.5594617171388,49.4999999594262
15.11000000,934.835327148438,3.56420144475638,49.5245901233405
15.11500000,929.177185058594,3.51735386466399,49.5491802872548
15.12000000,917.312255859375,3.54166042604871,49.573770451169
15.12500000,906.008666992188,3.57901510030692,49.5983606150833
15.13000000,885.816162109375,3.55674616130054,49.6229507789976
15.13500000,882.379577636719,3.51873320545172,49.6475409429119
15.14000000,888.3232421875,3.55781653106766,49.6721311068261
15.14500000,900.510131835938,3.6039979763135,49.6967212707404
15.15000000,909.081298828125,3.63260920775374,49.7213114346547
15.15500000,922.176696777344,3.5806078481894,49.7459015985689
15.16000000,916.32958984375,3.63454231167347,49.7704917624832
15.16500000,903.502990722656,3.62018496084247,49.8196720903117
15.17000000,905.633544921875,3.59990295712911,49.844262254226
15.17500000,915.019348144531,3.55820302704735,49.8688524181403
15.18000000,930.514038085938,3.55228964142714,49.8934425820546
15.18500000,945.189819335938,3.49631015042054,49.9180327459688
15.19000000,975.077575683594,3.48385948150185,49.9426229098831
15.19500000,999.921691894531,3.46599026545935,49.9672130737974
15.20000000,1018.29443359375,3.46633834396999,49.9918032377116
15.20500000,1044.93872070312,3.5006598187601,50.0163934016259
15.21000000,1065.66320800781,3.50457685207743,50.0409835655402
15.21500000,1059.98828125,3.50743203613844,50.0655737294545
15.22000000,1039.33239746094,3.52269672144094,50.0901638933687
15.22500000,1027.68444824219,3.55832602731218,50.114754057283
15.23000000,1004.61389160156,3.55248050433467,50.1393442211973
15.23500000,984.004272460937,3.65553461248194,50.1639343851115
15.24000000,975.125122070312,3.62300342945297,50.1885245490258
15.24500000,969.658813476563,3.58312540074987,50.2131147129401
15.25000000,968.471740722656,3.60324218319885,50.2622950407686
15.25500000,963.642333984375,3.63173928753077,50.2868852046829
15.26000000,960.978515625,3.65487040282391,50.3114753685972
15.26500000,944.709716796875,3.49798456922752,50.3360655325114
15.27000000,938.299865722656,3.46913654637801,50.3606556964257
15.27500000,938.20751953125,3.47569977057823,50.38524586034
15.28000000,934.294982910156,3.41610182095613,50.4098360242542
15.28500000,936.361145019531,3.45270827542413,50.4344261881685
15.29000000,945.32421875,3.48582051135898,50.4590163520828
15.29500000,950.787719726563,3.4926934032935,50.483606515997
15.30000000,947.408569335938,3.50016791745395,50.5081966799113
15.30500000,939.432373046875,3.56339360667496,50.5327868438256
15.31000000,931.023559570312,3.52217205811358,50.5573770077399
15.31500000,929.293395996094,3.58529995038122,50.5819671716541
15.32000000,924.806945800781,3.61449692868837,50.6065573355684
15.32500000,912.603271484375,3.74385132007098,50.6311474994827
15.33000000,895.971923828125,3.61102036233819,50.6557376633969
15.33500000,869.565551757812,3.62883334648745,50.7049179912255
15.34000000,861.046203613281,3.65659664122529,50.7295081551398
15.34500000,858.222778320312,3.68691257160837,50.754098319054
15.35000000,863.283142089844,3.66127570474007,50.7786884829683
15.35500000,862.420837402344,3.58688646387719,50.8032786468826
15.36000000,874.113586425781,3.55837254561078,50.8278688107968
15.36500000,896.604614257812,3.48969299777528,50.8524589747111
15.37000000,911.069030761719,3.48240519048243,50.8770491386254
15.37500000,911.649963378906,3.49631660175952,50.9016393025396
15.38000000,899.023559570312,3.47497712773352,50.9262294664539
15.38500000,897.044189453125,3.50365880140516,50.9508196303682
15.39000000,904.36669921875,3.57773614379979,50.9754097942825
15.39500000,933.919799804687,3.58271978731248,50.9999999581967
15.40000000,961.594421386719,3.6442284761777,51.024590122111
15.40500000,976.599182128906,3.65214559124404,51.0491802860253
15.41000000,994.962097167969,3.65024218710268,51.0983606138538
15.41500000,994.098388671875,3.64433279630854,51.1229507777681
15.42000000,979.856567382813,3.62713307823818,51.1475409416823
15.42500000,950.467163085938,3.63882843121885,51.1721311055966
15.43000000,927.675170898438,3.6263914042435,51.1967212695109
15.43500000,902.877258300781,3.62559218058816,51.2213114334252
15.44000000,891.987976074219,3.53254632601938,51.2459015973394
15.44500000,901.875,3.55976075685131,51.2704917612537
15.45000000,918.490905761719,3.50981982338092,51.295081925168
15.45500000,932.368835449219,3.57725297983609,51.3196720890822
15.46000000,939.45751953125,3.54894164469939,51.3442622529965
15.46500000,952.59912109375,3.55829023988726,51.3688524169108
15.47000000,961.572021484375,3.64009043300322,51.393442580825
15.47500000,978.2607421875,3.59873135202839,51.4180327447393
15.48000000,994.768920898438,3.61530347130454,51.4672130725679
15.48500000,997.283020019531,3.61845925999907,51.4918032364821
15.49000000,992.098022460937,3.54783399684771,51.5163934003964
15.49500000,988.57470703125,3.57280850714611,51.5409835643107
15.50000000,988.020324707031,3.53298607410325,51.5655737282249
15.50500000,982.597412109375,3.53936191311124,51.5901638921392
15.51000000,969.747009277344,3.51549879397862,51.6147540560535
15.51500000,956.847595214844,3.54946972652753,51.6393442199677
15.52000000,941.623046875,3.6110366832762,51.663934383882
15.52500000,931.204162597656,3.58483228404034,51.6885245477963
15.53000000,917.284301757812,3.57930256585483,51.7131147117106
15.53500000,913.073608398438,3.61256759452104,51.7377048756248
15.54000000,897.23876953125,3.67485666011779,51.7622950395391
15.54500000,894.191345214844,3.68923471897181,51.7868852034534
15.55000000,902.786254882813,3.68096178108579,51.8360655312819
15.55500000,903.900512695313,3.68233510600159,51.8606556951962
15.56000000,905.461364746094,3.72650963172825,51.8852458591105
15.56500000,912.849609375,3.71001599366097,51.9098360230247
15.57000000,927.9677734375,3.71756736726149,51.934426186939
15.57500000,928.331726074219,3.69121942439912,51.9590163508533
15.58000000,934.961303710937,3.66997131117649,51.9836065147675
15.58500000,946.348876953125,3.64941737733774,52.0081966786818
15.59000000,953.292053222656,3.60680254829792,52.0327868425961
15.59500000,948.368835449219,3.64580562823053,52.0573770065103
15.60000000,933.809265136719,3.67652241360767,52.1065573343389
15.60500000,911.318237304687,3.70225108106643,52.1311474982532
15.61000000,877.302429199219,3.71384454519621,52.1557376621674
15.61500000,855.600891113281,3.7510873113595,52.1803278260817
15.62000000,847.500122070312,3.73284594882219,52.204917989996
15.62500000,851.817138671875,3.77489801362665,52.2295081539102
15.63000000,845.59912109375,3.76520310189549,52.2540983178245
15.63500000,826.610473632813,3.70786886234478,52.2786884817388
15.64000000,801.021606445313,3.82647298470161,52.303278645653
15.64500000,784.955810546875,3.80258018495764,52.3524589734816
15.65000000,799.73095703125,3.76456029730127,52.3770491373959
15.65500000,815.918579101562,3.69258953702676,52.4016393013101
15.66000000,821.435302734375,3.67351886542812,52.4262294652244
15.66500000,814.608337402344,3.69160813339048,52.4508196291387
15.67000000,815.873779296875,3.65857635027472,52.4754097930529
15.67500000,822.6923828125,3.69831806654925,52.4999999569672
15.68000000,824.310546875,3.66083036776714,52.5245901208815
15.68500000,827.148010253906,3.7076616148391,52.5491802847958
15.69000000,828.44287109375,3.6750709172767,52.57377044871
15.69500000,837.421325683594,3.6802637682513,52.6229507765386
15.70000000,834.375305175781,3.69526118708465,52.6475409404528
15.70500000,848.895690917969,3.72451322933095,52.6721311043671
15.71000000,857.602661132813,3.74571871292519,52.6967212682814
15.71500000,857.837829589844,3.72522892005127,52.7213114321956
15.72000000,864.121643066406,3.65073694330417,52.7459015961099
15.72500000,866.796691894531,3.64131063723499,52.7704917600242
15.73000000,858.939453125,3.6637340331138,52.7950819239385
15.73500000,843.167602539063,3.63450420077991,52.8196720878527
15.74000000,839.577087402344,3.56292078540336,52.844262251767
15.74500000,842.600708007812,3.56685571614795,52.8934425795955
15.75000000,858.943664550781,3.56937927918568,52.9180327435098
15.75500000,880.655029296875,3.5171321794516,52.9426229074241
15.76000000,890.919921875,3.49168414316232,52.9672130713383
15.76500000,888.863586425781,3.47621918750807,52.9918032352526
15.77000000,885.988342285156,3.46468480249606,53.0163933991669
15.77500000,888.326049804687,3.49496808531841,53.0409835630812
15.78000000,881.94287109375,3.475423799229,53.0655737269954
15.78500000,875.89697265625,3.4676625352602,53.0901638909097
15.79000000,859.766784667969,3.53424963750698,53.114754054824
15.79500000,840.099182128906,3.56895023199691,53.1393442187382
15.80000000,821.183349609375,3.57142361488583,53.1639343826525
15.80500000,813.45068359375,3.56345450769346,53.1885245465668
15.81000000,812.388244628906,3.58936510974271,53.213114710481
15.81500000,814.126831054687,3.55638427082827,53.2377048743953
15.82000000,834.215759277344,3.63363262932433,53.2622950383096
15.82500000,844.350463867187,3.59651081549248,53.2868852022239
15.83000000,837.908447265625,3.54049278105076,53.3114753661381
15.83500000,821.457702636719,3.55645290902733,53.3606556939667
15.84000000,816.566711425781,3.58385544211248,53.3852458578809
15.84500000,810.414489746094,3.65970462107364,53.4098360217952
15.85000000,810.778442382813,3.50774441686056,53.4344261857095
15.85500000,824.118774414062,3.50068887429846,53.4590163496238
15.86000000,829.212768554687,3.56199795627842,53.483606513538
15.86500000,818.008544921875,3.51510943703103,53.5081966774523
15.87000000,799.968933105469,3.56103692623111,53.5327868413666
15.87500000,799.917175292969,3.59132072064061,53.5573770052808
15.88000000,792.009521484375,3.62667224747375,53.5819671691951
15.88500000,788.522583007812,3.63870370636782,53.6065573331094
15.89000000,777.822265625,3.74267262405715,53.6311474970236
15.89500000,760.122863769531,3.66695267226512,53.6557376609379
15.90000000,743.87646484375,3.7207417169683,53.6803278248522
15.90500000,728.661743164062,3.74368093910955,53.7295081526807
15.91000000,733.737548828125,3.73538162424457,53.754098316595
15.91500000,743.585327148438,3.65709130382571,53.7786884805093
15.92000000,770.49560546875,3.68062307554422,53.8032786444235
15.92500000,797.046142578125,3.7064094804317,53.8278688083378
15.93000000,815.151489257812,3.7133505093167,53.8524589722521
15.93500000,817.658569335938,3.64979826966127,53.8770491361664
15.94000000,814.395568847656,3.68865781629611,53.9016393000806
15.94500000,823.319458007812,3.69398436488517,53.9262294639949
15.95000000,838.208068847656,3.6952599464023,53.9754097918234
15.95500000,868.172729492188,3.70119482954519,53.9999999557377
15.96000000,879.241149902344,3.72256582063913,54.024590119652
15.96500000,883.565246582031,3.69792892376705,54.0491802835662
15.97000000,875.185852050781,3.72489480006239,54.0737704474805
15.97500000,887.341979980469,3.70101701881694,54.0983606113948
15.98000000,911.738159179688,3.70390017878807,54.1229507753091
15.98500000,935.949584960937,3.73944779371471,54.1475409392233
15.99000000,947.839721679688,3.73956021237699,54.1721311031376
15.99500000,944.963073730469,3.68560813011491,54.1967212670519
16.00000000,930.528076171875,3.69812505374775,54.2459015948804
16.00500000,911.719970703125,3.69622481752202,54.2704917587947
16.01000000,895.403564453125,3.66624316899601,54.2950819227089
16.01500000,872.251831054687,3.70465250964933,54.3196720866232
16.02000000,862.5986328125,3.62170276333834,54.3442622505375
16.02500000,877.497009277344,3.62886305926064,54.3688524144518
16.03000000,907.296508789063,3.57909167286563,54.393442578366
16.03500000,939.538757324219,3.69385770642562,54.4180327422803
16.04000000,944.59912109375,3.62712118331815,54.4426229061946
16.04500000,940.697814941406,3.58080865284987,54.4672130701088
16.05000000,919.346252441406,3.65172589251853,54.4918032340231
16.05500000,911.710144042969,3.62405961338006,54.5409835618517
16.06000000,923.114562988281,3.60008299668697,54.5655737257659
16.06500000,940.980529785156,3.6446360588469,54.5901638896802
16.07000000,941.814880371094,3.6363912596289,54.6147540535945
16.07500000,927.875366210937,3.65063968644804,54.6393442175087
16.08000000,917.651062011719,3.61194425863584,54.663934381423
16.08500000,911.480590820312,3.58568827277029,54.6885245453373
16.09000000,920.958801269531,3.57063951221266,54.7131147092515
16.09500000,930.140319824219,3.55428220684092,54.7377048731658
16.10000000,925.935241699219,3.6441313119124,54.7622950370801
16.10500000,905.613891601562,3.57651139328054,54.7868852009944
16.11000000,888.265869140625,3.58689602644606,54.8114753649086
16.11500000,882.308166503906,3.60856671378527,54.8360655288229
16.12000000,871.575744628906,3.64551914974736,54.8852458566514
16.12500000,881.819641113281,3.67169599734859,54.9098360205657
16.13000000,890.281616210937,3.61143319160787,54.93442618448
16.13500000,886.908020019531,3.61185167759015,54.9590163483943
16.14000000,884.795715332031,3.63318781555793,54.9836065123085
16.14500000,908.08740234375,3.62884815921786,55.0081966762228
16.15000000,925.656677246094,3.63194037765241,55.0327868401371
16.15500000,923.988037109375,3.62907408702903,55.0573770040513
16.16000000,919.647216796875,3.64266145747165,55.0819671679656
16.16500000,908.998718261719,3.65213282022898,55.1065573318799
16.17000000,898.987121582031,3.59006680648748,55.1311474957941
16.17500000,886.668640136719,3.66040825240511,55.1557376597084
16.18000000,879.901916503906,3.67777874577162,55.204917987537
16.18500000,879.125,3.68717609060467,55.2295081514512
16.19000000,868.54931640625,3.68016430971046,55.2540983153655
16.19500000,874.81494140625,3.71294021764567,55.2786884792798
16.20000000,882.285827636719,3.72133218179998,55.303278643194
16.20500000,885.69580078125,3.75273285924934,55.3278688071083
16.21000000,870.976623535156,3.73506024784598,55.3524589710226
16.21500000,857.270874023437,3.66622215700157,55.3770491349368
16.22000000,841.345031738281,3.7562179836078,55.4016392988511
16.22500000,826.138732910156,3.62679979109442,55.4262294627654
16.23000000,815.712829589844,3.70746043869716,55.4754097905939
16.23500000,799.967529296875,3.75260396817861,55.4999999545082
16.24000000,796.238403320312,3.70506354130626,55.5245901184225
16.24500000,793.449951171875,3.70765222608105,55.5491802823367
16.25000000,808.790649414062,3.65010520342492,55.573770446251
16.25500000,828.162902832031,3.65758648721031,55.5983606101653
16.26000000,846.332641601562,3.63361995529032,55.6229507740795
16.26500000,852.606689453125,3.61268345532675,55.6475409379938
16.27000000,845.007019042969,3.5969806333334,55.6721311019081
16.27500000,831.003112792969,3.65578102087418,55.6967212658224
16.28000000,807.507019042969,3.62950894289732,55.7459015936509
16.28500000,791.68896484375,3.59665582940947,55.7704917575652
16.29000000,773.236450195313,3.5779300745932,55.7950819214794
16.29500000,769.841857910156,3.6443140433082,55.8196720853937
16.30000000,787.97802734375,3.52898130537624,55.844262249308
16.30500000,814.703552246094,3.56533264837841,55.8688524132223
16.31000000,846.203857421875,3.58941991898807,55.8934425771365
16.31500000,848.871948242188,3.62345179346207,55.9180327410508
16.32000000,835.0234375,3.57761112735162,55.9426229049651
16.32500000,815.740783691406,3.56605886177203,55.9672130688793
16.33000000,800.860656738281,3.60197487116269,55.9918032327936
16.33500000,781.596252441406,3.58893803544101,56.0163933967079
16.34000000,767.876525878906,3.52181854014376,56.0409835606221
16.34500000,762.541748046875,3.55733197280421,56.0655737245364
16.35000000,759.679138183594,3.48765294158935,56.0901638884507
16.35500000,769.414916992188,3.50869064489228,56.114754052365
16.36000000,787.8310546875,3.48521367322763,56.1639343801935
16.36500000,820.73681640625,3.46404145476637,56.1885245441078
16.37000000,860.449890136719,3.50450918285456,56.213114708022
16.37500000,891.134094238281,3.49387182560262,56.2377048719363
16.38000000,901.582397460937,3.4520616656301,56.2622950358506
16.38500000,900.515747070312,3.44794780759069,56.2868851997648
16.39000000,901.291259765625,3.45147821721572,56.3114753636791
16.39500000,893.480224609375,3.46327143652201,56.3360655275934
16.40000000,897.965270996094,3.4486063501662,56.3606556915077
16.40500000,910.782104492188,3.4928286299627,56.3852458554219
16.41000000,922.253662109375,3.43482274694924,56.4098360193362
16.41500000,923.506530761719,3.47530298348492,56.4344261832505
16.42000000,912.543090820312,3.52728245804979,56.4590163471647
16.42500000,905.118408203125,3.58359767453104,56.483606511079
16.43000000,884.550720214844,3.60656874467809,56.5081966749933
16.43500000,871.844482421875,3.55009516926191,56.5327868389076
16.44000000,862.965393066406,3.64240021464325,56.5573770028218
16.44500000,858.725280761719,3.61264464588249,56.5819671667361
16.45000000,841.651611328125,3.62345926735526,56.6065573306504
16.45500000,822.200988769531,3.6739267165354,56.6311474945646
16.46000000,823.210266113281,3.66076243577187,56.6803278223932
16.46500000,844.115295410156,3.63612625501397,56.7049179863074
16.47000000,879.873901367187,3.58136683176935,56.7295081502217
16.47500000,901.810607910156,3.59774700138607,56.754098314136
16.48000000,903.705932617187,3.53875243499213,56.7786884780503
16.48500000,896.036315917969,3.56472749660027,56.8032786419645
16.49000000,882.407592773437,3.59073652377508,56.8278688058788
16.49500000,872.734802246094,3.58857395939732,56.8524589697931
16.50000000,863.602294921875,3.54310841526571,56.8770491337073
16.50500000,875.555419921875,3.5785125599838,56.9016392976216
16.51000000,898.890563964844,3.66352246253136,56.9262294615359
16.51500000,915.496704101562,3.66684299265133,56.9508196254501
16.52000000,908.1923828125,3.59040214284735,56.9754097893644
16.52500000,892.078979492188,3.58404539498414,56.9999999532787
16.53000000,878.942993164062,3.6138099132051,57.0491802811072
16.53500000,862.005126953125,3.62438132565092,57.0737704450215
16.54000000,856.955932617187,3.55963605169024,57.0983606089358
16.54500000,853.141418457031,3.58923137405535,57.12295077285
16.55000000,853.414367675781,3.5828438663791,57.1475409367643
16.55500000,852.139099121094,3.57296095224268,57.1721311006786
16.56000000,857.472473144531,3.50840003832621,57.1967212645929
16.56500000,868.701904296875,3.51766875109245,57.2213114285071
16.57000000,879.92431640625,3.56952237362362,57.2459015924214
16.57500000,904.384887695313,3.54696504721643,57.2704917563357
16.58000000,930.437072753906,3.49520059855462,57.2950819202499
16.58500000,953.384399414062,3.46263134064884,57.3196720841642
16.59000000,966.40283203125,3.48106170718411,57.3442622480785
16.59500000,962.745056152344,3.4423621553772,57.3688524119927
16.60000000,941.649658203125,3.49938213731424,57.393442575907
16.60500000,906.97314453125,3.43031589160519,57.4180327398213
16.61000000,891.06689453125,3.37050447958099,57.4426229037356
16.61500000,885.344421386719,3.46517309572112,57.4672130676498
16.62000000,897.29052734375,3.35436966846888,57.4918032315641
16.62500000,906.746398925781,3.50566757447491,57.5163933954784
16.63000000,923.899841308594,3.40091204487207,57.5409835593926
16.63500000,941.084167480469,3.41248176042105,57.5655737233069
16.64000000,957.324951171875,3.42699537569231,57.6147540511354
16.64500000,975.892272949219,3.44109562626026,57.6393442150497
16.65000000,979.408630371094,3.43930295381685,57.663934378964
16.65500000,962.010131835938,3.4109964725556,57.6885245428783
16.66000000,936.411499023437,3.42132546631283,57.7131147067925
16.66500000,933.945007324219,3.41055906916806,57.7377048707068
16.67000000,947.11181640625,3.39396440441905,57.7622950346211
16.67500000,971.272827148438,3.4389377882925,57.7868851985353
16.68000000,1001.71905517578,3.37309244003549,57.8114753624496
16.68500000,1029.85278320312,3.43670288673083,57.8360655263639
16.69000000,1039.98754882812,3.42971272762004,57.8606556902782
16.69500000,1037.95776367188,3.53496350098196,57.8852458541924
16.70000000,1045.89904785156,3.45965579252381,57.9098360181067
16.70500000,1035.1259765625,3.51642638297163,57.934426182021
16.71000000,1020.73712158203,3.51215240694362,57.9590163459352
16.71500000,1010.06201171875,3.57254527116957,57.9836065098495
16.72000000,993.706420898438,3.54813256815998,58.0081966737638
16.72500000,967.119506835938,3.54920607561352,58.032786837678
16.73000000,951.272094726563,3.56759550216196,58.0573770015923
16.73500000,958.819946289063,3.5493682021993,58.0819671655066
16.74000000,956.644653320312,3.56120770460616,58.1065573294209
16.74500000,966.342651367187,3.58315814709037,58.1311474933351
16.75000000,976.571166992188,3.55518593441654,58.1557376572494
16.75500000,971.507995605469,3.57279020060841,58.1803278211637
16.76000000,946.008728027344,3.58639984626168,58.2295081489922
16.76500000,931.747314453125,3.60246776012148,58.2540983129065
16.77000000,943.703247070312,3.65442097225112,58.2786884768207
16.77500000,952.359741210937,3.66564392719297,58.303278640735
16.78000000,967.230102539063,3.6583182250964,58.3278688046493
16.78500000,980.944213867187,3.63144879338374,58.3524589685636
16.79000000,984.057434082031,3.6361722999189,58.3770491324778
16.79500000,959.603881835938,3.61163337926164,58.4016392963921
16.80000000,942.41259765625,3.66201159615268,58.4262294603064
16.80500000,936.531921386719,3.61365647803747,58.4508196242206
16.81000000,940.121032714844,3.55769942510438,58.4754097881349
16.81500000,954.477661132813,3.64946403380758,58.4999999520492
16.82000000,953.907958984375,3.54354304067915,58.5245901159634
16.82500000,932.191040039063,3.59483781766316,58.573770443792
16.83000000,891.344055175781,3.63668585716679,58.5983606077063
16.83500000,868.547912597656,3.61023186870129,58.6229507716205
16.84000000,848.52197265625,3.64093578580059,58.6475409355348
16.84500000,840.213989257812,3.59426902277369,58.6721310994491
16.85000000,859.020690917969,3.61838097772694,58.6967212633633
16.85500000,882.157043457031,3.61122759259936,58.7213114272776
16.86000000,893.421447753906,3.59160264433288,58.7459015911919
16.86500000,890.225646972656,3.55809112039815,58.7704917551062
16.87000000,895.063415527344,3.60020817832291,58.7950819190204
16.87500000,903.502990722656,3.51630772180009,58.8196720829347
16.88000000,903.921508789063,3.55144394784702,58.844262246849
16.88500000,917.420043945313,3.49239783477704,58.8688524107632
16.89000000,935.207641601562,3.65713157779439,58.8934425746775
16.89500000,950.315979003906,3.56844907644251,58.942622902506
16.90000000,965.189147949219,3.48080620317208,58.9672130664203
16.90500000,986.729736328125,3.5473290424971,58.9918032303346
16.91000000,989.44677734375,3.59820178975251,59.0163933942489
16.91500000,983.421936035156,3.58173608937136,59.0409835581631
16.92000000,974.185852050781,3.53614107262603,59.0655737220774
16.92500000,959.921630859375,3.54330698083568,59.0901638859917
16.93000000,938.507080078125,3.54852094636319,59.1147540499059
16.93500000,912.054504394531,3.52930603730699,59.1393442138202
16.94000000,898.000244140625,3.52379841903474,59.1639343777345
16.94500000,885.830139160156,3.50555497923864,59.1885245416487
16.95000000,899.08935546875,3.5137800585388,59.213114705563
16.95500000,924.021667480469,3.5077009379498,59.2377048694773
16.96000000,946.245300292969,3.48033068072017,59.2622950333916
16.96500000,946.908813476563,3.53746884057791,59.2868851973058
16.97000000,940.045471191406,3.57297132238156,59.3114753612201
16.97500000,936.792297363281,3.56314364582207,59.3360655251344
16.98000000,925.516662597656,3.52407776496884,59.3606556890486
16.98500000,919.421813964844,3.53793365434681,59.3852458529629
16.99000000,917.894592285156,3.53612830921449,59.4344261807914
16.99500000,920.825866699219,3.54145790854514,59.4590163447057
17.00000000,918.852111816406,3.59416277430658,59.48360650862
17.00500000,923.876037597656,3.52013265594358,59.5081966725343
17.01000000,930.852783203125,3.5048409932119,59.5327868364485
17.01500000,938.946594238281,3.5407801454908,59.5573770003628
17.02000000,968.712524414062,3.53353554731716,59.5819671642771
17.02500000,990.131286621094,3.60035471445747,59.6065573281913
17.03000000,992.218444824219,3.53569063664496,59.6311474921056
17.03500000,984.816162109375,3.59511205305264,59.6557376560199
17.04000000,994.406372070312,3.5959069046245,59.6803278199342
17.04500000,1000.82879638672,3.55464030778978,59.7049179838484
17.05000000,991.785888671875,3.61842964744252,59.7295081477627
17.05500000,989.683349609375,3.58642390275592,59.754098311677
17.06000000,995.187438964844,3.64836970221897,59.7786884755912
17.06500000,998.544250488281,3.63445937996947,59.8278688034198
17.07000000,1000.05749511719,3.61179041066276,59.8524589673341
17.07500000,1013.94934082031,3.57829596898581,59.8770491312483
17.08000000,1015.62072753906,3.6276176802124,59.9016392951626
17.08500000,1015.98889160156,3.61109469249799,59.9262294590769
17.09000000,1011.13708496094,3.63632661199013,59.9508196229911
17.09500000,1000.08544921875,3.57259892038668,59.9754097869054
17.10000000,976.1484375,3.58588881656283,59.9999999508197
17.10500000,962.736694335938,3.60458770685693,60.0245901147339
17.11000000,973.694519042969,3.61792873924615,60.0491802786482
17.11500000,982.342651367187,3.57464744842446,60.0737704425625
17.12000000,995.719421386719,3.53987614449903,60.0983606064767
17.12500000,1017.64489746094,3.57426326705464,60.122950770391
17.13000000,1029.72680664062,3.59655110849439,60.1475409343053
17.13500000,1014.75982666016,3.58551019683352,60.1967212621338
17.14000000,998.964172363281,3.57373410467827,60.2213114260481
17.14500000,986.869689941406,3.57559910914988,60.2459015899624
17.15000000,972.885437011719,3.60631365858499,60.2704917538766
17.15500000,984.594970703125,3.58833691424041,60.2950819177909
17.16000000,1011.32464599609,3.61835037373071,60.3196720817052
17.16500000,1038.14672851562,3.66985648565655,60.3442622456195
17.17000000,1040.62451171875,3.66198774961087,60.3688524095337
17.17500000,1034.54357910156,3.64736239695184,60.393442573448
17.18000000,1025.57214355469,3.62758629923808,60.4180327373623
17.18500000,1006.13549804688,3.64191683933339,60.4426229012765
17.19000000,1008.09387207031,3.59286284393443,60.4672130651908
17.19500000,1014.23773193359,3.65914088930681,60.4918032291051
17.20000000,1016.18768310547,3.57858108418878,60.5409835569336
17.20500000,998.591857910156,3.50943400679641,60.5655737208479
17.21000000,983.563293457031,3.5921317099045,60.5901638847622
17.21500000,975.682250976563,3.49188150601016,60.6147540486764
17.22000000,981.900329589844,3.61352064396812,60.6393442125907
17.22500000,993.770812988281,3.52529547049654,60.663934376505
17.23000000,1004.12957763672,3.56695512388116,60.6885245404192
17.23500000,1008.86517333984,3.58547471148384,60.7131147043335
17.24000000,992.998107910156,3.56700030634584,60.7377048682478
17.24500000,981.977294921875,3.61905818320461,60.762295032162
17.25000000,963.2490234375,3.59654489875076,60.7868851960763
17.25500000,954.040954589844,3.61443564298221,60.8114753599906
17.26000000,961.012084960937,3.5647732694864,60.8360655239049
17.26500000,963.63818359375,3.57118168328788,60.8606556878191
17.27000000,965.082763671875,3.49808553564819,60.8852458517334
17.27500000,958.602966308594,3.54246762696695,60.9098360156477
17.28000000,963.289611816406,3.55212997672263,60.9590163434762
17.28500000,968.015441894531,3.55477807626241,60.9836065073905
17.29000000,973.044982910156,3.51093216489585,61.0081966713048
17.29500000,990.160705566406,3.54243855201229,61.032786835219
17.30000000,991.4541015625,3.5592272604286,61.0573769991333
17.30500000,967.414916992188,3.64178087304795,61.0819671630476
17.31000000,930.222900390625,3.62767113055739,61.1065573269618
17.31500000,911.522583007812,3.61199100385767,61.1311474908761
17.32000000,914.880798339844,3.62311947079073,61.1557376547904
17.32500000,933.672058105469,3.61755805583955,61.1803278187047
17.33000000,961.469848632813,3.60100615347283,61.2049179826189
17.33500000,980.898010253906,3.62483249101992,61.2295081465332
17.34000000,974.135437011719,3.58499453587344,61.2540983104475
17.34500000,959.176940917969,3.63315554053475,61.2786884743617
17.35000000,961.229064941406,3.61481764421324,61.3278688021903
17.35500000,954.942443847656,3.60270908642584,61.3524589661045
17.36000000,951.918823242188,3.66097857608213,61.3770491300188
17.36500000,948.272277832031,3.67062985385078,61.4016392939331
17.37000000,942.99072265625,3.65000749333588,61.4262294578474
17.37500000,936.662109375,3.65765526141471,61.4508196217616
17.38000000,932.542419433594,3.67046524680679,61.4754097856759
17.38500000,935.433044433594,3.64716694209365,61.4999999495902
17.39000000,928.796447753906,3.70111773130639,61.5245901135044
17.39500000,925.260498046875,3.64341522113042,61.5491802774187
17.40000000,923.113159179688,3.58262300462403,61.573770441333
17.40500000,923.387512207031,3.6013914141654,61.6229507691615
17.41000000,922.581237792969,3.63511762173545,61.6475409330758
17.41500000,915.552673339844,3.72682770675332,61.6721310969901
17.42000000,915.033386230469,3.61192666328977,61.6967212609043
17.42500000,906.815002441406,3.64047971271432,61.7213114248186
17.43000000,907.808837890625,3.66574130213782,61.7459015887329
17.43500000,920.762878417969,3.63118722139858,61.7704917526471
17.44000000,931.934875488281,3.69658721358542,61.7950819165614
17.44500000,933.210144042969,3.68878346657173,61.8196720804757
17.45000000,933.772827148438,3.70783795477357,61.8442622443899
17.45500000,935.935607910156,3.62170661111229,61.8688524083042
17.46000000,931.236389160156,3.63940725931274,61.9180327361328
17.46500000,933.658081054687,3.66718228166062,61.942622900047
17.47000000,943.517028808594,3.68207913771475,61.9672130639613
17.47500000,946.425903320312,3.69704443329602,61.9918032278756
17.48000000,929.97509765625,3.74629016648195,62.0163933917898
17.48500000,906.350219726563,3.66253687914202,62.0409835557041
17.49000000,899.726257324219,3.68549700147994,62.0655737196184
17.49500000,887.014404296875,3.71911911496714,62.0901638835327
17.50000000,888.303649902344,3.69821860696592,62.1147540474469
17.50500000,899.054321289063,3.61778621971943,62.1393442113612
17.51000000,912.0615234375,3.63834395292103,62.1639343752755
17.51500000,909.988403320312,3.6434861295888,62.213114703104
17.52000000,904.103515625,3.64537547283132,62.2377048670183
17.52500000,904.167907714844,3.63637214330113,62.2622950309325
17.53000000,894.066772460937,3.63801873228797,62.2868851948468
17.53500000,886.149353027344,3.64535328224903,62.3114753587611
17.54000000,885.865173339844,3.65742432197622,62.3360655226754
17.54500000,898.049255371094,3.60510930336878,62.3606556865896
17.55000000,916.986145019531,3.65936550166915,62.3852458505039
17.55500000,942.499389648438,3.66966339239199,62.4098360144182
17.56000000,964.608215332031,3.66623018886104,62.4344261783324
17.56500000,962.829040527344,3.64450484348913,62.4590163422467
17.57000000,946.404907226563,3.66178002188738,62.5081966700753
17.57500000,920.942016601562,3.67802333930845,62.5327868339895
17.58000000,893.865173339844,3.70902858947138,62.5573769979038
17.58500000,872.908386230469,3.75962090962491,62.5819671618181
17.59000000,872.736206054687,3.67166403505311,62.6065573257323
17.59500000,878.111511230469,3.71377210178539,62.6311474896466
17.60000000,864.023681640625,3.66737419073213,62.6557376535609
17.60500000,858.343139648438,3.74584416334882,62.6803278174751
17.61000000,860.447082519531,3.63838203526677,62.7049179813894
17.61500000,871.294372558594,3.59675973869361,62.7295081453037
17.62000000,863.689086914062,3.59639331579939,62.7786884731322
17.62500000,874.492980957031,3.59389394877602,62.8032786370465
17.63000000,886.311706542969,3.57083974773732,62.8278688009608
17.63500000,907.936218261719,3.60827409543042,62.852458964875
17.64000000,952.13720703125,3.57960558532608,62.8770491287893
17.64500000,1006.95581054688,3.57977389191428,62.9016392927036
17.65000000,1043.76281738281,3.61277256005272,62.9262294566178
17.65500000,1059.63134765625,3.59914446999369,62.9508196205321
17.66000000,1073.14807128906,3.58846068536093,62.9754097844464
17.66500000,1065.29919433594,3.59587653455543,62.9999999483607
17.67000000,1046.814453125,3.68885447703447,63.0245901122749
17.67500000,1037.40490722656,3.60011474515558,63.0491802761892
17.68000000,1026.8515625,3.59710951477052,63.0737704401035
17.68500000,1004.83087158203,3.60440361919497,63.0983606040177
17.69000000,988.793029785156,3.63364972017222,63.1475409318463
17.69500000,997.23681640625,3.64839216684257,63.1721310957606
17.70000000,993.8408203125,3.5943584577295,63.1967212596748
17.70500000,995.965759277344,3.61714912200621,63.2213114235891
17.71000000,995.405822753906,3.63854716475366,63.2459015875034
17.71500000,985.644836425781,3.61256652740104,63.2704917514176
17.72000000,968.541748046875,3.63287700752253,63.2950819153319
17.72500000,975.217529296875,3.60992379097258,63.3196720792462
17.73000000,997.586791992188,3.63261825122639,63.3442622431604
17.73500000,1005.81915283203,3.6539194098107,63.3688524070747
17.74000000,1018.84454345703,3.61848470373933,63.393442570989
17.74500000,1020.76928710938,3.68582007135402,63.4180327349032
17.75000000,1022.36370849609,3.69834525123249,63.4672130627318
17.75500000,1032.18627929688,3.70627900604185,63.4918032266461
17.76000000,1053.20190429688,3.7003052679198,63.5163933905603
17.76500000,1057.73876953125,3.71495073921285,63.5409835544746
17.77000000,1045.35021972656,3.7060859122629,63.5655737183889
17.77500000,1048.02673339844,3.75359253981772,63.5901638823031
17.78000000,1054.33862304688,3.73037755739002,63.6147540462174
17.78500000,1050.0732421875,3.67057305088801,63.6393442101317
17.79000000,1028.03576660156,3.76558070423783,63.663934374046
17.79500000,1016.49145507813,3.74840029181665,63.7131147018745
17.80000000,996.976440429688,3.72118355961492,63.7377048657888
17.80500000,988.732849121094,3.67483877605242,63.762295029703
17.81000000,994.703125,3.68880535582061,63.7868851936173
17.81500000,993.404113769531,3.71301557505506,63.8114753575316
17.82000000,973.358581542969,3.67054324564288,63.8360655214458
17.82500000,948.494812011719,3.72131589594272,63.8606556853601
17.83000000,937.650390625,3.72465784621895,63.8852458492744
17.83500000,918.040161132813,3.7526425950574,63.9098360131887
17.84000000,915.349731445313,3.75899712371664,63.9590163410172
17.84500000,923.801879882813,3.74917791344546,63.9836065049315
17.85000000,930.756225585938,3.70730393658399,64.0081966688457
17.85500000,934.037414550781,3.76338562963363,64.03278683276
17.86000000,943.553466796875,3.80311347523664,64.0573769966743
17.86500000,956.238647460937,3.76221236670925,64.0819671605885
17.87000000,951.161499023437,3.71856003257483,64.1065573245028
17.87500000,950.405578613281,3.73904927534124,64.1311474884171
17.88000000,954.424499511719,3.79058942802943,64.1557376523314
17.88500000,958.554016113281,3.7594141117781,64.2049179801599
17.89000000,952.737731933594,3.73512387825164,64.2295081440742
17.89500000,947.695556640625,3.74061549986621,64.2540983079884
17.90000000,939.001220703125,3.73660866405433,64.2786884719027
17.90500000,933.774230957031,3.73376078980446,64.303278635817
17.91000000,944.9462890625,3.76538484215858,64.3278687997313
17.91500000,956.486450195313,3.74763840335347,64.3524589636455
17.92000000,951.854431152344,3.7607020485359,64.3770491275598
17.92500000,938.917236328125,3.75114040940919,64.4262294553883
17.93000000,943.7578125,3.74843544669675,64.4508196193026
17.93500000,940.216247558594,3.78091717421049,64.4754097832169
17.94000000,931.527526855469,3.754468448096,64.4999999471311
17.94500000,937.864562988281,3.73554321831041,64.5245901110454
17.95000000,942.755554199219,3.71109905430663,64.5491802749597
17.95500000,937.226196289063,3.71078290617537,64.573770438874
17.96000000,920.438110351562,3.68125028586964,64.5983606027882
17.96500000,909.5810546875,3.76817499167571,64.6229507667025
17.97000000,905.119812011719,3.70860455509894,64.672131094531
17.97500000,916.979125976563,3.66177817150676,64.6967212584453
17.98000000,936.177734375,3.70999827477487,64.7213114223596
17.98500000,940.738403320312,3.66302701836608,64.7459015862738
17.99000000,944.888854980469,3.73289859233168,64.7704917501881
17.99500000,954.925659179688,3.69015994888633,64.7950819141024
18.00000000,978.760498046875,3.733893060464,64.8196720780167
18.00500000,977.278076171875,3.73129100793847,64.8442622419309
18.01000000,979.361022949219,3.70670743327048,64.8688524058452
18.01500000,977.77783203125,3.72386411737355,64.8934425697595
18.02000000,968.130187988281,3.70570961207458,64.942622897588
18.02500000,937.224792480469,3.66905954563167,64.9672130615023
18.03000000,909.224060058594,3.59157393100646,64.9918032254166
18.03500000,904.162292480469,3.6021453342051,65.0163933893308
18.04000000,894.530090332031,3.55569235739607,65.0409835532451
18.04500000,893.246459960937,3.59609779299665,65.0655737171594
18.05000000,900.588562011719,3.64664296140168,65.0901638810736
18.05500000,900.076232910156,3.61881111249466,65.1147540449879
18.06000000,885.599182128906,3.62626394086053,65.1393442089022
18.06500000,875.685607910156,3.64275582864935,65.1639343728164
18.07000000,879.599548339844,3.73671796886582,65.1885245367307
18.07500000,874.48876953125,3.74335978120252,65.2377048645593
18.08000000,875.584838867187,3.75799141224828,65.2622950284735
18.08500000,881.084777832031,3.85201429468451,65.2868851923878
18.09000000,894.363525390625,3.81926637511079,65.3114753563021
18.09500000,899.190124511719,3.86037806424044,65.3360655202163
18.10000000,916.717346191406,3.83162064881904,65.3606556841306
18.10500000,941.294128417969,3.81135721094784,65.3852458480449
18.11000000,954.019958496094,3.78135786104255,65.4098360119591
18.11500000,971.198608398438,3.71740451704972,65.4590163397877
18.12000000,986.490356445313,3.66043152737522,65.483606503702
18.12500000,969.321472167969,3.64231933991643,65.5081966676162
18.13000000,924.122436523437,3.62725620940144,65.5327868315305
18.13500000,900.977722167969,3.60681961683575,65.5573769954448
18.14000000,900.038391113281,3.61357160719573,65.581967159359
18.14500000,908.540954589844,3.67439670466645,65.6065573232733
18.15000000,930.014282226563,3.69216833835097,65.6311474871876
18.15500000,939.68994140625,3.80872302090555,65.6557376511019
18.16000000,929.457153320312,3.78599031818958,65.6803278150161
18.16500000,907.549865722656,3.77962606889792,65.7295081428447
18.17000000,915.645080566406,3.76284469933276,65.7540983067589
18.17500000,927.343444824219,3.76578809137067,65.7786884706732
18.18000000,925.767211914062,3.81947624295682,65.8032786345875
18.18500000,920.152526855469,3.71313145720988,65.8278687985017
18.19000000,911.655578613281,3.73269082945519,65.852458962416
18.19500000,908.587158203125,3.65464924888224,65.8770491263303
18.20000000,890.767333984375,3.59406628242952,65.9016392902446
18.20500000,887.516967773437,3.65772709959739,65.9262294541588
18.21000000,889.606872558594,3.64543008775592,65.9754097819874
18.21500000,898.903137207031,3.63153840109534,65.9999999459016
18.22000000,917.716796875,3.67192917423716,66.0245901098159
18.22500000,928.897277832031,3.70582145690434,66.0491802737302
18.23000000,920.148315429688,3.67975722830238,66.0737704376445
18.23500000,896.4814453125,3.72904769505849,66.0983606015587
18.24000000,891.804626464844,3.80470507241947,66.122950765473
18.24500000,892.186767578125,3.72699387254517,66.1475409293873
18.25000000,889.405334472656,3.73552035190258,66.1721310933015
18.25500000,894.048522949219,3.74455860556431,66.1967212572158
18.26000000,890.803771972656,3.77387290650162,66.2459015850443
18.26500000,871.19775390625,3.77800068966256,66.2704917489586
18.27000000,854.632202148438,3.72932042855926,66.2950819128729
18.27500000,868.991638183594,3.73794608228167,66.3196720767872
18.28000000,879.822082519531,3.73255330517363,66.3442622407014
18.28500000,886.976623535156,3.71151096668901,66.3688524046157
18.29000000,891.96142578125,3.74199966920271,66.39344256853
18.29500000,890.207397460937,3.74045117734126,66.4180327324442
18.30000000,875.60302734375,3.7409965451893,66.4672130602728
18.30500000,859.961364746094,3.73390293627883,66.491803224187
18.31000000,863.07177734375,3.71570605119362,66.5163933881013
18.31500000,862.268249511719,3.78007110350407,66.5409835520156
18.32000000,871.06201171875,3.7490645470642,66.5655737159299
18.32500000,887.633117675781,3.74738959004385,66.5901638798441
18.33000000,902.026184082031,3.73233689905613,66.6147540437584
18.33500000,902.794677734375,3.74579141751303,66.6393442076727
18.34000000,897.447326660156,3.69740869752365,66.6639343715869
18.34500000,895.921508789063,3.7032086127495,66.7131146994155
18.35000000,895.174011230469,3.68971822590549,66.7377048633298
18.35500000,918.0751953125,3.61546972045577,66.762295027244
18.36000000,940.137878417969,3.66811888007774,66.7868851911583
18.36500000,945.51318359375,3.65799248236263,66.8114753550726
18.37000000,934.825500488281,3.69941970229039,66.8360655189868
18.37500000,925.260498046875,3.62434217579198,66.8606556829011
18.38000000,928.790832519531,3.68940907482934,66.8852458468154
18.38500000,921.086181640625,3.67893081726799,66.9098360107297
18.39000000,928.869262695313,3.65516604553402,66.9344261746439
18.39500000,941.238098144531,3.67660748272293,66.9836065024725
18.40000000,938.367065429688,3.69962694341275,67.0081966663867
18.40500000,918.173156738281,3.68964617326877,67.032786830301
18.41000000,908.987487792969,3.69770865503011,67.0573769942153
18.41500000,916.984741210937,3.71856787098829,67.0819671581295
18.42000000,915.832641601562,3.67093365539591,67.1065573220438
18.42500000,911.501586914062,3.68783947706146,67.1311474859581
18.43000000,901.995361328125,3.75229294953134,67.1557376498723
18.43500000,902.276733398438,3.62136653351788,67.1803278137866
18.44000000,901.198852539063,3.59296116266879,67.2049179777009
18.44500000,909.806396484375,3.57981498030028,67.2295081416152
18.45000000,918.002380371094,3.59684588187526,67.2786884694437
18.45500000,920.531860351562,3.60722731992553,67.303278633358
18.46000000,937.772155761719,3.5544732321238,67.3278687972722
18.46500000,946.841613769531,3.60133202524946,67.3524589611865
18.47000000,951.944030761719,3.61233362424335,67.3770491251008
18.47500000,951.900634765625,3.60666150501616,67.4016392890151
18.48000000,969.56640625,3.6198861458384,67.4262294529293
18.48500000,981.101013183594,3.63359979837983,67.4508196168436
18.49000000,981.198974609375,3.64363357441106,67.4754097807579
18.49500000,977.741394042969,3.66678198394997,67.4999999446721
18.50000000,970.061950683594,3.63398413875202,67.5245901085864
18.50500000,955.771118164062,3.69815573151754,67.5491802725007
18.51000000,943.735412597656,3.70488840283002,67.5983606003292
18.51500000,949.438293457031,3.70307346272061,67.6229507642435
18.52000000,940.433227539063,3.68855228126264,67.6475409281577
18.52500000,924.552185058594,3.69064275746841,67.672131092072
18.53000000,914.674987792969,3.68309000549343,67.6967212559863
18.53500000,898.788391113281,3.68349814717206,67.7213114199006
18.54000000,884.098571777344,3.66603743555286,67.7459015838148
18.54500000,878.888427734375,3.60097718926365,67.7704917477291
18.55000000,896.190307617187,3.67522880359606,67.7950819116434
18.55500000,903.861328125,3.58903727475456,67.8196720755576
18.56000000,917.484436035156,3.77816315238129,67.8442622394719
18.56500000,944.214172363281,3.72277596922505,67.8934425673005
18.57000000,971.869140625,3.68887809330131,67.9180327312147
18.57500000,984.748962402344,3.75869567158781,67.942622895129
18.58000000,984.914123535156,3.73385509523417,67.9672130590433
18.58500000,993.969604492188,3.80779436830331,67.9918032229575
18.59000000,985.755432128906,3.73497888611306,68.0163933868718
18.59500000,987.405822753906,3.76936457991703,68.0409835507861
18.60000000,981.611938476563,3.69850295212534,68.0655737147004
18.60500000,970.65966796875,3.70676581050596,68.1147540425289
18.61000000,946.840209960937,3.73038378256277,68.1393442064432
18.61500000,937.434814453125,3.73857808383813,68.1639343703574
18.62000000,943.507263183594,3.77203114444425,68.1885245342717
18.62500000,936.153930664062,3.8047248532731,68.213114698186
18.63000000,932.641784667969,3.73327384386277,68.2377048621002
18.63500000,931.15234375,3.75180601417761,68.2622950260145
18.64000000,925.259094238281,3.82194902798132,68.2868851899288
18.64500000,920.604675292969,3.81269278396726,68.311475353843
18.65000000,930.592468261719,3.7875786136183,68.3606556816716
18.65500000,948.914794921875,3.77245995206353,68.3852458455859
18.66000000,958.290832519531,3.7845860707103,68.4098360095001
18.66500000,972.382873535156,3.76782221078463,68.4344261734144
18.67000000,975.878234863281,3.76132884625491,68.4590163373287
18.67500000,968.398986816406,3.73875562592722,68.4836065012429
18.68000000,949.165344238281,3.77442186799998,68.5081966651572
18.68500000,946.642883300781,3.75707693973663,68.5327868290715
18.69000000,947.796325683594,3.75452266782621,68.5819671569
18.69500000,946.099731445313,3.76489993220512,68.6065573208143
18.70000000,949.646911621094,3.80159867938143,68.6311474847286
18.70500000,943.150268554687,3.78889685609245,68.6557376486428
18.71000000,932.895141601562,3.79289934401338,68.6803278125571
18.71500000,918.019165039063,3.78984016060885,68.7049179764714
18.72000000,919.197814941406,3.76077457681676,68.7295081403857
18.72500000,921.219177246094,3.77048998204206,68.7786884682142
18.73000000,926.163391113281,3.77179430011746,68.8032786321284
18.73500000,933.495666503906,3.68138969385058,68.8278687960427
18.74000000,945.189819335938,3.69212058014801,68.852458959957
18.74500000,949.653869628906,3.61552227960253,68.8770491238713
18.75000000,949.795288085938,3.65618841062315,68.9016392877855
18.75500000,959.451293945313,3.56297098051451,68.9262294516998
18.76000000,961.450256347656,3.58123027220005,68.9508196156141
18.76500000,976.375183105469,3.55392703110201,68.9754097795283
18.77000000,997.190612792969,3.57639382922814,68.9999999434426
18.77500000,1003.76702880859,3.60721200986051,69.0245901073569
18.78000000,991.91748046875,3.59732321134139,69.0491802712712
18.78500000,970.787048339844,3.62779989664917,69.0737704351854
18.79000000,956.464050292969,3.64453235320405,69.122950763014
18.79500000,942.166198730469,3.65188110374938,69.1475409269282
18.80000000,935.406433105469,3.6284368104286,69.1721310908425
18.80500000,929.545349121094,3.65597218087993,69.1967212547568
18.81000000,924.042663574219,3.6667761552918,69.2213114186711
18.81500000,911.476379394531,3.67971423792488,69.2459015825853
18.82000000,914.446838378906,3.60860322324778,69.2704917464996
18.82500000,930.127685546875,3.61647158751744,69.2950819104139
18.83000000,939.755737304687,3.64757460818758,69.3196720743281
18.83500000,956.324035644531,3.68763942932592,69.3442622382424
18.84000000,967.137756347656,3.60198937292925,69.3688524021567
18.84500000,973.960510253906,3.59748677978646,69.393442566071
18.85000000,972.224670410156,3.63533385515907,69.4426228938995
18.85500000,974.362243652344,3.66327052900151,69.4672130578138
18.86000000,971.976928710937,3.66142049624075,69.491803221728
18.86500000,968.046203613281,3.68863969892244,69.5163933856423
18.87000000,976.2421875,3.6811019356777,69.5409835495566
18.87500000,986.095581054687,3.68745452386169,69.5655737134708
18.88000000,986.364379882813,3.63340642788278,69.5901638773851
18.88500000,972.53125,3.68437744369929,69.6147540412994
18.89000000,963.192993164062,3.68892526855104,69.6393442052136
18.89500000,938.131896972656,3.69377758070151,69.6639343691279
18.90000000,922.124877929688,3.68973552175023,69.7131146969565
18.90500000,917.558654785156,3.68961955306211,69.7377048608707
18.91000000,917.078491210937,3.6976988163856,69.762295024785
18.91500000,909.621643066406,3.71392881740707,69.7868851886993
18.92000000,907.563903808594,3.77705215689192,69.8114753526135
18.92500000,924.196655273437,3.71172411553918,69.8360655165278
18.93000000,937.049865722656,3.77952283654617,69.8606556804421
18.93500000,957.211547851562,3.70726175774197,69.8852458443564
18.94000000,975.689270019531,3.84936077115508,69.9098360082706
18.94500000,986.045166015625,3.77128623825715,69.9590163360992
18.95000000,984.958923339844,3.70694414247995,69.9836065000134
18.95500000,979.247619628906,3.73287076425423,70.0081966639277
18.96000000,976.594970703125,3.68797856565093,70.032786827842
18.96500000,957.217163085938,3.69293381579166,70.0573769917562
18.97000000,938.872436523437,3.70937864442917,70.0819671556705
18.97500000,920.373718261719,3.72367725192496,70.1065573195848
18.98000000,908.164428710937,3.69307088208109,70.1311474834991
18.98500000,892.174194335938,3.77762833969914,70.1557376474133
18.99000000,898.471984863281,3.74104352327948,70.2049179752419
18.99500000,906.346008300781,3.69602487245066,70.2295081391561
19.00000000,908.687927246094,3.7018395901315,70.2540983030704
19.00500000,915.607299804687,3.75714711837751,70.2786884669847
19.01000000,923.589111328125,3.6507242911465,70.3032786308989
19.01500000,930.742248535156,3.65763597709544,70.3278687948132
19.02000000,931.835510253906,3.69469470389123,70.3524589587275
19.02500000,940.541015625,3.72097727692115,70.3770491226418
19.03000000,949.663696289063,3.63907706529958,70.401639286556
19.03500000,954.120727539063,3.65499718928835,70.4262294504703
19.04000000,964.807006835938,3.66928072073801,70.4754097782988
19.04500000,971.902770996094,3.68044690826415,70.4999999422131
19.05000000,977.234680175781,3.67918633803727,70.5245901061274
19.05500000,976.239379882813,3.67457240377947,70.5491802700417
19.06000000,980.188293457031,3.67685554555706,70.5737704339559
19.06500000,974.323059082031,3.70020266023437,70.5983605978702
19.07000000,961.672790527344,3.65966990596137,70.6229507617845
19.07500000,943.106872558594,3.70973524550841,70.6475409256987
19.08000000,918.024780273437,3.70236607717206,70.672131089613
19.08500000,898.624572753906,3.70641608435447,70.6967212535273
19.09000000,877.916931152344,3.68306641874916,70.7459015813558
19.09500000,874.260620117187,3.66158926026649,70.7704917452701
19.10000000,874.520935058594,3.66032340596936,70.7950819091844
19.10500000,877.478820800781,3.63366090927481,70.8196720730986
19.11000000,890.967529296875,3.67914706723062,70.8442622370129
19.11500000,906.87939453125,3.60468871415384,70.8688524009272
19.12000000,919.960754394531,3.6472888799885,70.8934425648414
19.12500000,930.593811035156,3.61793479695831,70.9180327287557
19.13000000,948.139282226563,3.70109400726842,70.94262289267
19.13500000,962.383911132813,3.63271756954725,70.9672130565843
19.14000000,975.776062011719,3.57546077252781,70.9918032204985
19.14500000,985.926208496094,3.64773541971228,71.0163933844128
19.15000000,989.48876953125,3.61494990613892,71.0655737122413
19.15500000,984.725158691406,3.59013301643978,71.0901638761556
19.16000000,963.979736328125,3.64817954118434,71.1147540400699
19.16500000,947.432373046875,3.6170148834153,71.1393442039841
19.17000000,926.297790527344,3.64232355643931,71.1639343678984
19.17500000,914.67919921875,3.6403682718159,71.1885245318127
19.18000000,909.137268066406,3.6195516127437,71.213114695727
19.18500000,911.770385742188,3.62162996415373,71.2377048596412
19.19000000,912.91259765625,3.65956633544357,71.2622950235555
19.19500000,915.086547851562,3.72072400704403,71.2868851874698
19.20000000,923.650695800781,3.58977782101162,71.311475351384
19.20500000,935.903381347656,3.63473174012421,71.3360655152983
19.21000000,955.979675292969,3.6497042864015,71.3852458431268
19.21500000,973.602111816406,3.66250885740943,71.4098360070411
19.22000000,975.998657226563,3.66290246021004,71.4344261709554
19.22500000,971.176208496094,3.62961905677852,71.4590163348697
19.23000000,966.693969726563,3.65153916745528,71.4836064987839
19.23500000,977.60986328125,3.68361080673419,71.5081966626982
19.24000000,990.461669921875,3.67914079066753,71.5327868266125
19.24500000,1005.93951416016,3.7308452940129,71.5573769905267
19.25000000,1014.30072021484,3.74229431222602,71.581967154441
19.25500000,1016.63562011719,3.76647852201807,71.6065573183553
19.26000000,1011.10491943359,3.75257317889713,71.6557376461838
19.26500000,995.183288574219,3.74216081500787,71.6803278100981
19.27000000,981.0673828125,3.75895645165988,71.7049179740124
19.27500000,957.753295898438,3.74044449027402,71.7295081379266
19.28000000,944.936462402344,3.69971287911318,71.7540983018409
19.28500000,932.899353027344,3.67521590573639,71.7786884657552
19.29000000,926.156372070312,3.69281693191741,71.8032786296695
19.29500000,915.37353515625,3.63357034004723,71.8278687935837
19.30000000,913.000793457031,3.69665340298933,71.852458957498
19.30500000,929.399780273437,3.62520537310932,71.8770491214122
19.31000000,956.597045898438,3.61974980575125,71.9262294492408
19.31500000,985.257080078125,3.60362738033856,71.9508196131551
19.32000000,998.142517089844,3.5702858613146,71.9754097770693
19.32500000,1003.77117919922,3.69395078496321,71.9999999409836
19.33000000,1004.33111572266,3.59341122868311,72.0245901048979
19.33500000,997.060424804687,3.63524410636144,72.0491802688121
19.34000000,991.871276855469,3.64593437684404,72.0737704327264
19.34500000,978.456726074219,3.6252460925647,72.0983605966407
19.35000000,968.098022460937,3.67349150333108,72.122950760555
19.35500000,949.092529296875,3.65388336112866,72.1475409244692
19.36000000,941.049133300781,3.70535770560703,72.1721310883835
19.36500000,935.626220703125,3.69005719232898,72.221311416212
19.37000000,930.418884277344,3.66676578319426,72.2459015801263
19.37500000,930.127685546875,3.66028839172516,72.2704917440406
19.38000000,929.835144042969,3.70619793946382,72.2950819079549
19.38500000,939.398742675781,3.70058926395809,72.3196720718691
19.39000000,947.320373535156,3.72192248020905,72.3442622357834
19.39500000,953.783386230469,3.64456989366946,72.3688523996977
19.40000000,954.624694824219,3.62101057444381,72.3934425636119
19.40500000,954.837463378906,3.65070518567288,72.4180327275262
19.41000000,962.799682617187,3.67903696315471,72.4426228914405
19.41500000,977.877197265625,3.6112475089799,72.4672130553548
19.42000000,1000.13165283203,3.61510149795585,72.5163933831833
19.42500000,1012.10998535156,3.61642616135685,72.5409835470975
19.43000000,1020.47113037109,3.56849491670498,72.5655737110118
19.43500000,1018.75354003906,3.59051940545675,72.5901638749261
19.44000000,1018.74377441406,3.57314121918858,72.6147540388404
19.44500000,1008.46905517578,3.5600843145219,72.6393442027546
19.45000000,986.701721191406,3.60985870444275,72.6639343666689
19.45500000,967.076110839844,3.58632636565377,72.6885245305832
19.46000000,942.500793457031,3.5972800738983,72.7131146944974
19.46500000,933.18212890625,3.64039305189727,72.7377048584117
19.47000000,920.439514160156,3.6559312698606,72.762295022326
19.47500000,927.160034179688,3.64113794223322,72.7868851862403
19.48000000,939.323181152344,3.65558935890728,72.8114753501545
19.48500000,949.285705566406,3.66867494843851,72.8606556779831
19.49000000,967.102722167969,3.68730339146287,72.8852458418973
19.49500000,983.50732421875,3.71596551924271,72.9098360058116
19.50000000,998.612854003906,3.62947531723492,72.9344261697259
19.50500000,1000.37384033203,3.61586688690695,72.9590163336402
19.51000000,1006.97119140625,3.59335118987606,72.9836064975544
19.51500000,1012.53131103516,3.61626236902873,73.0081966614687
19.52000000,1018.31823730469,3.62419614790654,73.032786825383
19.52500000,1029.44128417969,3.5644675323148,73.0573769892972
19.53000000,1036.91076660156,3.60848676757286,73.0819671532115
19.53500000,1045.29284667969,3.58251060713234,73.1065573171258
19.54000000,1047.84191894531,3.58394207565828,73.1311474810401
19.54500000,1057.73596191406,3.61969850206237,73.1557376449543
19.55000000,1052.27807617188,3.63019131840563,73.2049179727828
19.55500000,1045.71838378906,3.63449205021384,73.2295081366971
19.56000000,1036.47399902344,3.63106931873454,73.2540983006114
19.56500000,1021.33624267578,3.6559864622452,73.2786884645257
19.57000000,1007.54791259766,3.62459476793758,73.3032786284399
19.57500000,1001.77923583984,3.65764381124774,73.3278687923542
19.58000000,1008.57403564453,3.71116047610594,73.3524589562685
19.58500000,1014.50225830078,3.6402646971449,73.3770491201827
19.59000000,1027.99377441406,3.62961044187398,73.401639284097
19.59500000,1046.3203125,3.64615606270458,73.4262294480113
19.60000000,1059.37231445312,3.68947810024176,73.4508196119256
19.60500000,1064.95629882812,3.65941870927984,73.4999999397541
19.61000000,1073.34545898438,3.63062653653177,73.5245901036684
19.61500000,1079.26672363281,3.63967892775181,73.5491802675826
19.62000000,1080.60498046875,3.6551034475894,73.5737704314969
19.62500000,1088.46215820312,3.62554050508881,73.5983605954112
19.63000000,1090.43176269531,3.64121057509968,73.6229507593255
19.63500000,1083.2421875,3.64186714159339,73.6475409232397
19.64000000,1071.79016113281,3.65337949173513,73.672131087154
19.64500000,1063.3310546875,3.66398941552551,73.6967212510682
19.65000000,1058.05236816406,3.63509857798046,73.7213114149825
19.65500000,1049.61279296875,3.72364712120196,73.7459015788968
19.66000000,1051.49267578125,3.73564431878715,73.7950819067253
19.66500000,1045.30407714844,3.74175684810879,73.8196720706396
19.67000000,1029.72265625,3.73888326756296,73.8442622345539
19.67500000,1017.92205810547,3.72361207061781,73.8688523984681
19.68000000,1020.87426757813,3.73256709686652,73.8934425623824
19.68500000,1016.08551025391,3.77220410378778,73.9180327262967
19.69000000,1009.25854492187,3.72258743711813,73.942622890211
19.69500000,1017.94445800781,3.65530431188613,73.9672130541252
19.70000000,1031.04968261719,3.75929492881125,73.9918032180395
19.70500000,1047.11682128906,3.73424057489958,74.040983545868
19.71000000,1043.67333984375,3.7008155210068,74.0655737097823
19.71500000,1040.36267089844,3.67504508313151,74.0901638736966
19.72000000,1024.21984863281,3.70084162762016,74.1147540376109
19.72500000,1009.11993408203,3.71150327558663,74.1393442015251
19.73000000,1011.95318603516,3.68639846625028,74.1639343654394
19.73500000,1012.05535888672,3.693741062111,74.1885245293537
19.74000000,1002.24401855469,3.66865655153454,74.2131146932679
19.74500000,973.985656738281,3.70056388806719,74.2377048571822
19.75000000,956.749633789063,3.56783860164302,74.2622950210965
19.75500000,939.780883789063,3.59804066277159,74.311475348925
19.76000000,939.176208496094,3.64407269138116,74.3360655128393
19.76500000,942.726135253906,3.67452285863797,74.3606556767536
19.77000000,943.671020507812,3.65711004884681,74.3852458406678
19.77500000,934.784912109375,3.7116690532527,74.4098360045821
19.78000000,925.331909179688,3.62240428346978,74.4344261684964
19.78500000,934.531555175781,3.65660831029745,74.4590163324106
19.79000000,944.359741210937,3.72248831193239,74.4836064963249
19.79500000,967.029968261719,3.77599123634248,74.5081966602392
19.80000000,995.086669921875,3.70773927698077,74.5327868241534
19.80500000,1013.18505859375,3.7400917809523,74.581967151982
19.81000000,1019.54443359375,3.7750227322984,74.6065573158963
19.81500000,1027.9560546875,3.74369090780784,74.6311474798105
19.82000000,1029.89758300781,3.73829901284376,74.6557376437248
19.82500000,1022.27972412109,3.72693140597144,74.6803278076391
19.83000000,1022.00677490234,3.67137001568371,74.7049179715533
19.83500000,1018.61077880859,3.62337897242706,74.7295081354676
19.84000000,1010.20202636719,3.55931517629596,74.7540982993819
19.84500000,988.83642578125,3.61206013776526,74.7786884632962
19.85000000,980.567687988281,3.5961798091208,74.8032786272104
19.85500000,977.888427734375,3.61303971008173,74.8278687911247
19.86000000,985.685424804687,3.61646950760062,74.8770491189532
19.86500000,1018.87677001953,3.62078955421618,74.9016392828675
19.87000000,1051.05041503906,3.63091236995021,74.9262294467818
19.87500000,1065.03186035156,3.64929459936043,74.950819610696
19.88000000,1060.80297851562,3.71294078518895,74.9754097746103
19.88500000,1057.01501464844,3.62696810471111,74.9999999385246
19.89000000,1042.10131835938,3.66230243710538,75.0245901024389
19.89500000,1029.02404785156,3.62197516641684,75.0491802663531
19.90000000,1029.25927734375,3.68534253516825,75.0737704302674
19.90500000,1030.0166015625,3.619816084882,75.0983605941817
19.91000000,1026.30285644531,3.5643647757926,75.1229507580959
19.91500000,1027.513671875,3.62234221664081,75.1475409220102
19.92000000,1045.58679199219,3.60206102640185,75.1967212498387
19.92500000,1049.36218261719,3.58561863235838,75.221311413753
19.93000000,1051.8720703125,3.61964528642352,75.2459015776673
19.93500000,1050.17407226562,3.61898069225937,75.2704917415816
19.94000000,1032.39208984375,3.62727717818209,75.2950819054958
19.94500000,1012.73010253906,3.60841904570964,75.3196720694101
19.95000000,1003.71380615234,3.58369615607008,75.3442622333244
19.95500000,1014.66607666016,3.5522233962015,75.3688523972386
19.96000000,1021.52801513672,3.53551174453594,75.3934425611529
19.96500000,1036.06384277344,3.61314137308449,75.4180327250672
19.97000000,1049.13403320312,3.52428855311019,75.4426228889815
19.97500000,1056.66088867188,3.5205117796938,75.4672130528957
19.98000000,1050.40649414062,3.53575194753114,75.49180321681
19.98500000,1049.88989257812,3.60860014077645,75.5163933807243
19.99000000,1043.08532714844,3.57744590863474,75.5409835446385
19.99500000,1033.67993164062,3.56929835105567,75.5901638724671
20.00000000,1035.82299804688,3.57210076143613,75.6147540363813
20.00500000,1030.81591796875,3.64770605373363,75.6393442002956
20.01000000,1019.1455078125,3.62047090906802,75.6639343642099
20.01500000,998.68701171875,3.64226725111008,75.6885245281242
20.02000000,990.040283203125,3.65921590872334,75.7131146920384
20.02500000,982.836791992188,3.64066563999365,75.7377048559527
20.03000000,966.078063964844,3.65820195115303,75.762295019867
20.03500000,961.835205078125,3.6466262370042,75.7868851837812
20.04000000,957.042175292969,3.67596524319361,75.8114753476955
20.04500000,950.321594238281,3.68431216792972,75.8360655116098
20.05000000,937.047058105469,3.68540574818548,75.8852458394383
20.05500000,931.073974609375,3.68108843691206,75.9098360033526
20.06000000,926.182983398438,3.64942572045081,75.9344261672669
20.06500000,930.25927734375,3.68932409451132,75.9590163311811
20.07000000,943.24267578125,3.70471560383056,75.9836064950954
20.07500000,952.152587890625,3.74801209619832,76.0081966590097
20.08000000,954.950805664062,3.67563990551823,76.0327868229239
20.08500000,957.641296386719,3.74567863006509,76.0573769868382
20.09000000,975.920227050781,3.67012508009555,76.0819671507525
20.09500000,991.357543945313,3.8457571962364,76.1065573146668
20.10000000,1004.84350585938,3.76133393761332,76.1557376424953
20.10500000,1008.46063232422,3.69360575191025,76.1803278064096
20.11000000,993.290710449219,3.74070904247956,76.2049179703238
20.11500000,975.455505371094,3.67750035828542,76.2295081342381
20.12000000,958.334228515625,3.72464947546782,76.2540982981524
20.12500000,953.012084960937,3.74357117280466,76.2786884620666
20.13000000,942.352416992188,3.72594451024578,76.3032786259809
20.13500000,948.034301757812,3.71339941369654,76.3278687898952
20.14000000,961.982177734375,3.76550192646907,76.3524589538095
20.14500000,969.626647949219,3.73457299102993,76.401639281638
20.15000000,973.686096191406,3.69848604974038,76.4262294455523
20.15500000,976.288391113281,3.71189503674287,76.4508196094665
20.16000000,981.8359375,3.75900195017009,76.4754097733808
20.16500000,978.441345214844,3.66812473720741,76.4999999372951
20.17000000,983.024353027344,3.70121529246357,76.5245901012094
20.17500000,998.517639160156,3.72909316261833,76.5491802651236
20.18000000,1015.2666015625,3.73481074738313,76.5737704290379
20.18500000,1024.26745605469,3.67228526117298,76.5983605929522
20.19000000,1030.35388183594,3.67709833485,76.6229507568664
20.19500000,1038.8046875,3.70780642729291,76.672131084695
20.20000000,1033.58618164062,3.71838325735368,76.6967212486093
20.20500000,1038.88171386719,3.69465136812743,76.7213114125235
20.21000000,1048.77001953125,3.70791407909936,76.7459015764378
20.21500000,1047.373046875,3.67486322815246,76.7704917403521
20.22000000,1031.19665527344,3.68381718090304,76.7950819042663
20.22500000,1021.29986572266,3.62301970029845,76.8196720681806
20.23000000,1025.09619140625,3.64187404155482,76.8442622320949
20.23500000,1025.1689453125,3.63343617665237,76.8688523960091
20.24000000,1046.60729980469,3.61114395640262,76.8934425599234
20.24500000,1068.90942382812,3.6050049639371,76.9426228877519
20.25000000,1073.9794921875,3.60473129513392,76.9672130516662
20.25500000,1065.92211914062,3.63966539451418,76.9918032155805
20.26000000,1059.03784179688,3.62649469005044,77.0163933794948
20.26500000,1055.15466308594,3.66911779579465,77.040983543409
20.27000000,1043.40869140625,3.60114089206759,77.0655737073233
20.27500000,1042.68786621094,3.63625582195255,77.0901638712376
20.28000000,1041.77795410156,3.60872851234113,77.1147540351518
20.28500000,1034.357421875,3.66520175766835,77.1393441990661
20.29000000,1016.29406738281,3.6090068593206,77.1639343629804
20.29500000,1008.49700927734,3.53033056064232,77.1885245268947
20.30000000,1007.26239013672,3.57773103151997,77.2131146908089
20.30500000,1004.24853515625,3.53149139715335,77.2377048547232
20.31000000,1013.90454101562,3.51313949414626,77.2622950186375
20.31500000,1022.84527587891,3.52930181437591,77.311475346466
20.32000000,1030.73046875,3.54713133181652,77.3360655103803
20.32500000,1027.25329589844,3.56205937075125,77.3606556742946
20.33000000,1021.75201416016,3.53162443705457,77.3852458382088
20.33500000,1021.79119873047,3.58120936246938,77.4098360021231
20.34000000,1021.94659423828,3.54511849527086,77.4344261660374
20.34500000,1033.275390625,3.59109556912755,77.4590163299516
20.35000000,1047.15600585938,3.64580162142327,77.4836064938659
20.35500000,1060.85620117188,3.64888172921544,77.5081966577802
20.36000000,1058.17687988281,3.601489095824,77.5327868216944
20.36500000,1061.68481445312,3.62066312739742,77.5573769856087
20.37000000,1051.83850097656,3.67172311409066,77.581967149523
20.37500000,1038.63671875,3.67565954317798,77.6065573134372
20.38000000,1028.24853515625,3.5889929568422,77.6311474773515
20.38500000,1021.52520751953,3.61206734001194,77.6803278051801
20.39000000,1028.59436035156,3.62174709025423,77.7049179690943
20.39500000,1036.97094726562,3.58048014992204,77.7295081330086
20.40000000,1053.22290039062,3.6294557474027,77.7540982969229
20.40500000,1068.99755859375,3.64401857810563,77.7786884608371
20.41000000,1080.86254882812,3.66002770551527,77.8032786247514
20.41500000,1091.1806640625,3.67960356163799,77.8278687886657
20.42000000,1092.35925292969,3.64747602347982,77.85245895258
20.42500000,1086.91394042969,3.69433278779202,77.8770491164942
20.43000000,1072.87365722656,3.69039063857419,77.9016392804085
20.43500000,1063.15466308594,3.68169599442101,77.9262294443228
20.44000000,1056.287109375,3.66817953062987,77.9754097721513
20.44500000,1052.89392089844,3.65374260557637,77.9999999360656
20.45000000,1049.30053710938,3.62878978058799,78.0245900999799
20.45500000,1048.32067871094,3.63580248745291,78.0491802638941
20.46000000,1048.49853515625,3.68578776824572,78.0737704278084
20.46500000,1043.6396484375,3.60505376512111,78.0983605917226
20.47000000,1048.26196289062,3.64120941141443,78.1229507556369
20.47500000,1040.34729003906,3.59245658709256,78.1475409195512
20.48000000,1029.94519042969,3.66737683411632,78.1721310834655
20.48500000,1023.33801269531,3.58813052597629,78.1967212473797
20.49000000,1011.44647216797,3.55470552561605,78.221311411294
20.49500000,1004.37451171875,3.61222345456602,78.2459015752083
20.50000000,999.542358398438,3.59011559081622,78.2950819030368
20.50500000,1005.12066650391,3.56924212225047,78.3196720669511
20.51000000,1001.90380859375,3.60937831242647,78.3442622308654
20.51500000,1004.73846435547,3.60176951841938,78.3688523947796
20.52000000,1025.62670898438,3.62228495025541,78.3934425586939
20.52500000,1045.83044433594,3.59386796813046,78.4180327226082
20.53000000,1053.64709472656,3.58784381756188,78.4426228865224
20.53500000,1050.14611816406,3.59234104177596,78.4672130504367
20.54000000,1044.57751464844,3.5631384454652,78.491803214351
20.54500000,1024.97583007812,3.62593446918495,78.5163933782653
20.55000000,1014.68005371094,3.54526789502606,78.5409835421795
20.55500000,1002.70874023438,3.56442526235737,78.5655737060938
20.56000000,983.05517578125,3.53256915022956,78.5901638700081
20.56500000,962.906066894531,3.58660732895249,78.6147540339223
20.57000000,956.044067382813,3.6039389623244,78.6393441978366
20.57500000,953.635009765625,3.56412826458729,78.6885245256651
20.58000000,939.485534667969,3.53164184667379,78.7131146895794
20.58500000,935.025695800781,3.5790094900228,78.7377048534937
20.59000000,932.459777832031,3.53609678639315,78.7622950174079
20.59500000,925.763061523437,3.5459947961668,78.7868851813222
20.60000000,912.634033203125,3.54921139516347,78.8114753452365
20.60500000,915.603088378906,3.54388873211719,78.8360655091508
20.61000000,924.473815917969,3.56665359928105,78.860655673065
20.61500000,916.223205566406,3.54393008133189,78.8852458369793
20.62000000,922.204650878906,3.5536472018168,78.9098360008936
20.62500000,930.989990234375,3.57164962119354,78.9344261648078
20.63000000,946.273315429688,3.57123995428632,78.9590163287221
20.63500000,955.982482910156,3.53995324601958,78.9836064926364
20.64000000,974.937561035156,3.52123772500459,79.0081966565507
20.64500000,985.906616210937,3.5667780372093,79.0327868204649
20.65000000,994.036804199219,3.51470576154887,79.0573769843792
20.65500000,1009.88006591797,3.60279294227567,79.0819671482935
20.66000000,1019.19592285156,3.56918459971307,79.131147476122
20.66500000,1008.44665527344,3.54644820908201,79.1557376400363
20.67000000,989.858337402344,3.6272662152163,79.1803278039505
20.67500000,989.48876953125,3.56903738234521,79.2049179678648
20.68000000,981.00439453125,3.67214714087959,79.2295081317791
20.68500000,970.421752929688,3.57854062945152,79.2540982956934
20.69000000,969.128295898438,3.59753407123319,79.2786884596076
20.69500000,957.757507324219,3.61728065925726,79.3032786235219
20.70000000,938.6806640625,3.5988093525456,79.3278687874362
20.70500000,924.366027832031,3.62090699481538,79.3524589513504
20.71000000,933.4970703125,3.58225575270176,79.3770491152647
20.71500000,944.879089355469,3.59011482051228,79.401639279179
20.72000000,956.736999511719,3.53667822522072,79.4262294430932
20.72500000,967.4638671875,3.61563885146126,79.4508196070075
20.73000000,968.940734863281,3.57447061739491,79.4999999348361
20.73500000,966.698181152344,3.53419568572946,79.5245900987503
20.74000000,981.2158203125,3.56446677714844,79.5491802626646
20.74500000,1009.89263916016,3.66667459483172,79.5737704265789
20.75000000,1024.86376953125,3.54415127933959,79.5983605904931
20.75500000,1041.62951660156,3.58738566975477,79.6229507544074
20.76000000,1052.05126953125,3.63519421284905,79.6475409183217
20.76500000,1052.86450195312,3.6706726843555,79.672131082236
20.77000000,1052.2919921875,3.62340808695104,79.6967212461502
20.77500000,1062.08801269531,3.65783774420875,79.7213114100645
20.78000000,1067.06994628906,3.67545588226528,79.7459015739788
20.78500000,1057.2431640625,3.66404110451155,79.770491737893
20.79000000,1052.65881347656,3.64736447976451,79.7950819018073
20.79500000,1055.00903320312,3.66451416708927,79.8442622296358
20.80000000,1059.89172363281,3.683231387019,79.8688523935501
20.80500000,1050.23986816406,3.68697134383617,79.8934425574644
20.81000000,1051.33459472656,3.62573235047806,79.9180327213787
20.81500000,1045.45532226562,3.60605612269815,79.9426228852929
20.82000000,1038.83129882812,3.63322466029397,79.9672130492072
20.82500000,1045.34045410156,3.62469472493453,79.9918032131215
20.83000000,1051.00415039062,3.59794689443888,80.0163933770357
20.83500000,1058.03271484375,3.60879233141325,80.04098354095
20.84000000,1054.84814453125,3.60893634368289,80.0655737048643
20.84500000,1052.16882324219,3.55678346143644,80.0901638687785
20.85000000,1024.19885253906,3.67388339386865,80.1147540326928
20.85500000,1004.595703125,3.62155470785959,80.1639343605214
20.86000000,995.527648925781,3.58240331331841,80.1885245244356
20.86500000,986.144592285156,3.61885725260892,80.2131146883499
20.87000000,971.145446777344,3.56555832710282,80.2377048522642
20.87500000,954.073120117187,3.66747625385707,80.2622950161784
20.88000000,948.324035644531,3.57227859806501,80.2868851800927
20.88500000,943.848815917969,3.60277396733748,80.311475344007
20.89000000,954.577087402344,3.62148447236134,80.3360655079213
20.89500000,974.314636230469,3.60006362831228,80.3606556718355
20.90000000,999.407958984375,3.63245024660285,80.3852458357498
20.90500000,1011.51507568359,3.57484125771353,80.4098359996641
20.91000000,1014.61145019531,3.6313370960563,80.4344261635783
20.91500000,1018.34063720703,3.54799132858315,80.4590163274926
20.92000000,1023.51019287109,3.55450325751514,80.5081966553211
20.92500000,1035.03356933594,3.56876692923852,80.5327868192354
20.93000000,1041.09338378906,3.58866688783663,80.5573769831497
20.93500000,1045.99279785156,3.55991960720784,80.581967147064
20.94000000,1034.28039550781,3.64385424336402,80.6065573109782
20.94500000,1025.76525878906,3.54297683921924,80.6311474748925
20.95000000,1018.32379150391,3.57051383630323,80.6557376388068
20.95500000,1017.08917236328,3.62596263926632,80.680327802721
20.96000000,1024.29125976562,3.64156341245886,80.7049179666353
20.96500000,1024.79943847656,3.59265138633304,80.7295081305496
20.97000000,1014.82006835938,3.61129870426391,80.7540982944639
20.97500000,999.30712890625,3.64125981721046,80.7786884583781
20.98000000,1002.19219970703,3.66519479732244,80.8032786222924
20.98500000,1003.82299804688,3.59827332268023,80.8278687862067
20.99000000,999.399536132813,3.61924883609227,80.8770491140352
20.99500000,990.059875488281,3.63765792429702,80.9016392779495
21.00000000,977.675598144531,3.62302518507762,80.9262294418637
21.00500000,974.713623046875,3.5950966655934,80.950819605778
21.01000000,961.20947265625,3.59766008485402,80.9754097696923
21.01500000,955.871948242188,3.63347035849622,80.9999999336066
21.02000000,948.818176269531,3.62907327505812,81.0245900975208
21.02500000,947.12158203125,3.63699517341943,81.0491802614351
21.03000000,951.550659179688,3.64140974602767,81.0737704253494
21.03500000,952.727905273437,3.65250256333996,81.0983605892636
21.04000000,949.894653320312,3.627244554838,81.1229507531779
21.04500000,938.768798828125,3.73813943510774,81.1475409170922
21.05000000,940.68798828125,3.67685365757548,81.1967212449207
21.05500000,947.814514160156,3.63103933789188,81.221311408835
21.06000000,955.27978515625,3.63946535387687,81.2459015727493
21.06500000,959.703247070312,3.57817430316349,81.2704917366635
21.07000000,963.808959960937,3.63782601715898,81.2950819005778
21.07500000,964.1953125,3.55085126533537,81.3196720644921
21.08000000,966.807373046875,3.5789578550156,81.3442622284063
21.08500000,989.800903320312,3.5886040068155,81.3688523923206
21.09000000,1008.08825683594,3.56264783776802,81.3934425562349
21.09500000,1017.92907714844,3.60619941876198,81.4180327201492
21.10000000,1021.98016357422,3.58903371198049,81.4426228840634
21.10500000,1019.45068359375,3.60460085364027,81.4672130479777
21.11000000,1011.47308349609,3.58593574284957,81.491803211892
21.11500000,1007.23016357422,3.59913072977314,81.5409835397205
21.12000000,1016.39202880859,3.61684961929741,81.5655737036348
21.12500000,1012.47253417969,3.64118807039532,81.5901638675491
21.13000000,1005.38659667969,3.63351549635321,81.6147540314633
21.13500000,997.526550292969,3.66355328479458,81.6393441953776
21.14000000,993.48388671875,3.52487361202044,81.6639343592919
21.14500000,980.422119140625,3.50445936105738,81.6885245232061
21.15000000,951.230102539063,3.53015021598938,81.7131146871204
21.15500000,936.848266601562,3.56414451805099,81.7377048510347
21.16000000,933.610473632813,3.50416059239252,81.7622950149489
21.16500000,940.601196289063,3.49036852639416,81.7868851788632
21.17000000,952.363952636719,3.54958091345586,81.8114753427775
21.17500000,960.904296875,3.50522727215463,81.8360655066918
21.18000000,964.248474121094,3.51643737301541,81.860655670606
21.18500000,966.16064453125,3.56600672981304,81.8852458345203
21.19000000,981.026794433594,3.53156680316662,81.9098359984346
21.19500000,1002.13482666016,3.5382333032162,81.9344261623488
21.20000000,1026.95788574219,3.51894971447571,81.9836064901774
21.20500000,1042.64440917969,3.50250512128207,82.0081966540916
21.21000000,1047.87280273438,3.52889985195136,82.0327868180059
21.21500000,1048.11352539062,3.50904016675082,82.0573769819202
21.22000000,1057.58056640625,3.49762151420171,82.0819671458345
21.22500000,1078.36657714844,3.48728597245631,82.1065573097487
21.23000000,1078.84814453125,3.49919101853564,82.131147473663
21.23500000,1071.68383789062,3.50123021996651,82.1557376375773
21.24000000,1069.6064453125,3.52350090970797,82.1803278014915
21.24500000,1067.15393066406,3.56930888808726,82.2049179654058
21.25000000,1054.30639648438,3.50928647416708,82.2295081293201
21.25500000,1043.29809570312,3.5488187888868,82.2540982932344
21.26000000,1040.21850585938,3.51438048739379,82.2786884571486
21.26500000,1033.27954101562,3.58053264197905,82.3032786210629
21.27000000,1038.16076660156,3.5320111076593,82.3278687849772
21.27500000,1045.87243652344,3.4660637678511,82.3524589488914
21.28000000,1057.8115234375,3.50370197116475,82.3770491128057
21.28500000,1065.91796875,3.48332490394793,82.40163927672
21.29000000,1078.42114257812,3.46997725104891,82.4262294406342
21.29500000,1088.09265136719,3.50782833489054,82.4508196045485
21.30000000,1088.15283203125,3.49020744838685,82.4754097684628
21.30500000,1096.47619628906,3.4907777732723,82.5245900962913
21.31000000,1108.97387695312,3.49529080474293,82.5491802602056
21.31500000,1126.3974609375,3.5482200898557,82.5737704241199
21.32000000,1128.47619628906,3.47977426420813,82.5983605880341
21.32500000,1115.36401367188,3.58806695219327,82.6229507519484
21.33000000,1097.33984375,3.6141658969335,82.6475409158627
21.33500000,1087.58447265625,3.63958472049177,82.6721310797769
21.34000000,1111.57751464844,3.54461212366289,82.6967212436912
21.34500000,1128.94799804688,3.55322453441288,82.7213114076055
21.35000000,1123.72375488281,3.57120401429499,82.7459015715198
21.35500000,1093.05493164062,3.59864320625884,82.770491735434
21.36000000,1073.47705078125,3.54284785415357,82.7950818993483
21.36500000,1059.94763183594,3.53099062819404,82.8196720632626
21.37000000,1047.60961914062,3.58154208903894,82.8442622271768
21.37500000,1044.576171875,3.51576778154895,82.8688523910911
21.38000000,1033.88146972656,3.54459650910314,82.8934425550054
21.38500000,1027.17907714844,3.5887721357767,82.9180327189196
21.39000000,1012.82250976562,3.60372198640292,82.9672130467482
21.39500000,1005.60217285156,3.61859274758623,82.9918032106625
21.40000000,1004.98345947266,3.62158623592097,83.0163933745767
21.40500000,1001.92065429688,3.60426182508126,83.040983538491
21.41000000,996.084777832031,3.64355029654016,83.0655737024053
21.41500000,978.432922363281,3.61145976796579,83.0901638663195
21.42000000,971.748779296875,3.57479943570291,83.1147540302338
21.42500000,959.648681640625,3.55485615647489,83.1393441941481
21.43000000,952.692932128906,3.57258593924689,83.1639343580623
21.43500000,933.646850585938,3.54272749162858,83.1885245219766
21.44000000,915.002563476563,3.60290847615471,83.2131146858909
21.44500000,911.290222167969,3.53514947677699,83.2377048498052
21.45000000,926.188598632813,3.47292393107876,83.2622950137194
21.45500000,949.824645996094,3.56719908191073,83.2868851776337
21.46000000,966.395812988281,3.44828782896583,83.311475341548
21.46500000,986.974670410156,3.49108256728408,83.3606556693765
21.47000000,998.373474121094,3.52934670653248,83.3852458332908
21.47500000,1007.77191162109,3.43973291208769,83.4098359972051
21.48000000,1020.98626708984,3.51113668907981,83.4344261611193
21.48500000,1032.31652832031,3.45156081253545,83.4590163250336
21.49000000,1037.73657226562,3.46340223256743,83.4836064889479
21.49500000,1036.85754394531,3.48335354095228,83.5081966528621
21.50000000,1041.70654296875,3.45709791682716,83.5327868167764
21.50500000,1037.55749511719,3.45792402151212,83.5573769806907
21.51000000,1034.73400878906,3.46463368381092,83.5819671446049
21.51500000,1033.15075683594,3.46489661562134,83.6065573085192
21.52000000,1025.27392578125,3.419337501768,83.6311474724335
21.52500000,1012.90228271484,3.45493272104075,83.6557376363478
21.53000000,1004.39691162109,3.47904606729194,83.680327800262
21.53500000,1004.27514648438,3.50034007039746,83.7049179641763
21.54000000,991.406555175781,3.4435059972361,83.7295081280906
21.54500000,969.910766601562,3.45469167058633,83.7540982920048
21.55000000,947.533142089844,3.47426513389396,83.7786884559191
21.55500000,929.405395507812,3.49367913902982,83.8032786198334
21.56000000,928.768493652344,3.42816462587975,83.8278687837476
21.56500000,948.161682128906,3.42308833255934,83.8524589476619
21.57000000,973.562927246094,3.42277110761329,83.8770491115762
21.57500000,982.850769042969,3.40586223506471,83.9016392754905
21.58000000,1005.17242431641,3.38091823419509,83.9262294394047
21.58500000,1027.68725585938,3.40396740572946,83.950819603319
21.59000000,1039.58435058594,3.3965295856692,83.9754097672333
21.59500000,1043.89721679688,3.42156181193986,83.9999999311475
21.60000000,1049.03039550781,3.45832471720601,84.0245900950618
21.60500000,1050.72985839844,3.44406653959175,84.0491802589761
21.61000000,1038.84948730469,3.50932010145036,84.0737704228903
21.61500000,1040.77429199219,3.51908429722601,84.0983605868046
21.62000000,1040.27026367188,3.50447557775604,84.1229507507189
21.62500000,1039.90490722656,3.50011099036239,84.1721310785474
21.63000000,1023.72296142578,3.49724810057083,84.1967212424617
21.63500000,1011.16229248047,3.50912981682564,84.221311406376
21.64000000,997.015625,3.49284251805194,84.2459015702902
21.64500000,1014.39312744141,3.56172288441781,84.2704917342045
21.65000000,1057.423828125,3.46764140289949,84.2950818981188
21.65500000,1072.00158691406,3.48079712218924,84.319672062033
21.66000000,1068.25708007812,3.5330821480623,84.3442622259473
21.66500000,1065.90393066406,3.51434021482472,84.3688523898616
21.67000000,1076.27661132812,3.57624132886369,84.3934425537759
21.67500000,1084.38305664062,3.49931352178387,84.4180327176901
21.68000000,1103.98620605469,3.52503107205247,84.4426228816044
21.68500000,1121.18591308594,3.52467984225687,84.4672130455187
21.69000000,1122.85876464844,3.49690999008952,84.4918032094329
21.69500000,1112.14587402344,3.53492718784131,84.5163933733472
21.70000000,1085.53649902344,3.53252536860102,84.5409835372615
21.70500000,1056.50268554688,3.56624346427387,84.5655737011758
21.71000000,1028.56640625,3.51608206791826,84.59016386509
21.71500000,1031.11267089844,3.56415565971237,84.6147540290043
21.72000000,1048.193359375,3.4819051425853,84.6393441929186
21.72500000,1070.57934570312,3.51812801049036,84.6885245207471
21.73000000,1074.76904296875,3.56455815620791,84.7131146846614
21.73500000,1066.12231445312,3.62596570487771,84.7377048485756
21.74000000,1039.67822265625,3.49514030735286,84.7622950124899
21.74500000,1015.00903320312,3.52499541999569,84.7868851764042
21.75000000,1008.87078857422,3.53529777667743,84.8114753403185
21.75500000,1010.36016845703,3.56379441098354,84.8360655042327
21.76000000,1011.42126464844,3.5302003496257,84.860655668147
21.76500000,1004.71887207031,3.50544200798324,84.8852458320613
21.77000000,999.876892089844,3.52576164795081,84.9098359959755
21.77500000,1004.60552978516,3.51682010213585,84.9344261598898
21.78000000,1028.56213378906,3.52134014819245,84.9590163238041
21.78500000,1065.10046386719,3.55704679155918,84.9836064877183
21.79000000,1079.90075683594,3.53305265866569,85.0081966516326
21.79500000,1079.62780761719,3.56334338445704,85.0327868155469
21.80000000,1065.45324707031,3.56629849337333,85.0573769794612
21.80500000,1054.02917480469,3.5079579547029,85.0819671433754
21.81000000,1044.37316894531,3.54702671113689,85.1065573072897
21.81500000,1046.13000488281,3.5486035308308,85.1557376351182
21.82000000,1055.67114257812,3.54455189559235,85.1803277990325
21.82500000,1072.94921875,3.49932411352385,85.2049179629468
21.83000000,1094.70959472656,3.50523255838696,85.2295081268611
21.83500000,1111.77209472656,3.50378178960453,85.2540982907753
21.84000000,1125.39379882812,3.50077242230317,85.2786884546896
21.84500000,1124.19689941406,3.55298581053406,85.3032786186039
21.85000000,1130.36181640625,3.46415489035901,85.3278687825181
21.85500000,1133.91735839844,3.48521727311055,85.3524589464324
21.86000000,1128.62878417969,3.50902391537768,85.3770491103467
21.86500000,1111.80712890625,3.52168956212585,85.4016392742609
21.87000000,1087.76501464844,3.53658662885897,85.4262294381752
21.87500000,1075.93090820312,3.4663308486261,85.4508196020895
21.88000000,1070.93908691406,3.51650264688562,85.4754097660038
21.88500000,1082.32250976562,3.49479667952032,85.499999929918
21.89000000,1095.93444824219,3.46686837630531,85.5245900938323
21.89500000,1095.59704589844,3.5028196404055,85.5491802577466
21.90000000,1075.80627441406,3.48663196323692,85.5737704216608
21.90500000,1061.82763671875,3.49621548958462,85.5983605855751
21.91000000,1053.69604492188,3.46290451450763,85.6229507494894
21.91500000,1045.82482910156,3.51928099182963,85.6475409134037
21.92000000,1053.0927734375,3.42955727335261,85.6721310773179
21.92500000,1057.67150878906,3.46995319225663,85.6967212412322
21.93000000,1060.40966796875,3.40230522440461,85.7213114051465
21.93500000,1058.97204589844,3.44020963851078,85.770491732975
21.94000000,1069.98168945312,3.47804772678992,85.7950818968893
21.94500000,1087.40246582031,3.4723298361467,85.8196720608035
21.95000000,1104.79260253906,3.48654523223737,85.8442622247178
21.95500000,1129.40991210938,3.53866350090631,85.8688523886321
21.96000000,1131.15270996094,3.55321190400371,85.8934425525464
21.96500000,1116.29211425781,3.5191315727072,85.9180327164606
21.97000000,1090.673828125,3.53845792178459,85.9426228803749
21.97500000,1068.55236816406,3.56427673919812,85.9672130442892
21.98000000,1046.10620117188,3.55678747003008,85.9918032082034
21.98500000,1030.59887695312,3.55552198760903,86.0163933721177
21.99000000,1030.19299316406,3.53653063131853,86.040983536032
21.99500000,1028.82531738281,3.53128152971879,86.0655736999463
22.00000000,1034.84741210938,3.53760303260828,86.0901638638605
22.00500000,1028.27661132812,3.49133090834883,86.1147540277748
22.01000000,1016.00286865234,3.53232199474888,86.1393441916891
22.01500000,997.054809570312,3.52049132526571,86.1639343556033
22.02000000,986.365783691406,3.53624116241906,86.1885245195176
22.02500000,978.794067382813,3.52428016477365,86.2131146834319
22.03000000,972.065124511719,3.5361758085884,86.2377048473461
22.03500000,972.539672851562,3.53107893153912,86.2868851751747
22.04000000,972.307312011719,3.53646301882786,86.311475339089
22.04500000,972.434692382813,3.6056667087993,86.3360655030032
22.05000000,976.837158203125,3.51959898140362,86.3606556669175
22.05500000,985.499267578125,3.50708269014337,86.3852458308318
22.06000000,1000.34301757813,3.5359995347563,86.409835994746
22.06500000,1008.93939208984,3.50606652381676,86.4344261586603
22.07000000,1013.48321533203,3.55178756218145,86.4590163225746
22.07500000,1010.73254394531,3.46706766984475,86.4836064864889
22.08000000,1001.65606689453,3.47616050069735,86.5081966504031
22.08500000,984.876342773437,3.47639655550286,86.5327868143174
22.09000000,976.086853027344,3.44872410130679,86.5573769782317
22.09500000,976.155395507812,3.47801605454528,86.5819671421459
22.10000000,980.310119628906,3.47248778920717,86.6065573060602
22.10500000,985.818420410156,3.48013588517243,86.6311474699745
22.11000000,970.861267089844,3.44347490690602,86.6557376338887
22.11500000,966.674377441406,3.5082478291975,86.680327797803
22.12000000,971.926513671875,3.46012899190195,86.7049179617173
22.12500000,997.171020507812,3.51666532886903,86.7295081256316
22.13000000,1031.06359863281,3.45415141984949,86.7540982895458
22.13500000,1051.34436035156,3.56699459151117,86.7786884534601
22.14000000,1064.72253417969,3.44179950852901,86.8032786173744
22.14500000,1076.73864746094,3.42597822723279,86.8278687812886
22.15000000,1090.23999023438,3.43180270323169,86.8524589452029
22.15500000,1101.72412109375,3.44750000913381,86.9016392730314
22.16000000,1114.234375,3.45772972903396,86.9262294369457
22.16500000,1125.0634765625,3.3894472125528,86.95081960086
22.17000000,1123.12744140625,3.41033554006007,86.9754097647743
22.17500000,1115.47741699219,3.42874917677538,86.9999999286885
22.18000000,1110.93920898438,3.38150877125782,87.0245900926028
22.18500000,1112.27465820312,3.40288630503187,87.0491802565171
22.19000000,1105.99365234375,3.41642079315715,87.0737704204313
22.19500000,1119.75805664062,3.38542454327453,87.0983605843456
22.20000000,1132.43627929688,3.41152871395902,87.1229507482599
22.20500000,1133.6611328125,3.42711988019752,87.1475409121742
22.21000000,1126.82165527344,3.44861681696468,87.1721310760884
22.21500000,1119.9541015625,3.494613358888,87.1967212400027
22.22000000,1128.74780273438,3.48784307724867,87.221311403917
22.22500000,1130.26379394531,3.48332328042346,87.2459015678312
22.23000000,1133.95239257812,3.46804062584749,87.2704917317455
22.23500000,1152.08996582031,3.46768276719571,87.2950818956598
22.24000000,1166.31079101562,3.45282475168666,87.319672059574
22.24500000,1174.1484375,3.45989424689205,87.3442622234883
22.25000000,1183.74841308594,3.44977085790351,87.3688523874026
22.25500000,1193.2392578125,3.37969939334974,87.3934425513169
22.26000000,1186.50329589844,3.42124261113045,87.4180327152311
22.26500000,1175.66162109375,3.41484979684258,87.4426228791454
22.27000000,1147.81909179688,3.49130325823426,87.4672130430597
22.27500000,1122.26379394531,3.49347041085015,87.4918032069739
22.28000000,1119.48937988281,3.45078366834254,87.5163933708882
22.28500000,1127.68957519531,3.51081476765826,87.5409835348025
22.29000000,1139.76025390625,3.49464596620958,87.5655736987167
22.29500000,1141.59265136719,3.49744358344126,87.590163862631
22.30000000,1145.23071289062,3.54052348986375,87.6147540265453
22.30500000,1135.12255859375,3.5251980173772,87.6393441904596
22.31000000,1132.45031738281,3.55456938676122,87.6639343543738
22.31500000,1130.34924316406,3.45477713083078,87.6885245182881
22.32000000,1133.72839355469,3.47727191504854,87.7377048461166
22.32500000,1143.91906738281,3.50036507713086,87.7622950100309
22.33000000,1146.46960449219,3.51604996657787,87.7868851739452
22.33500000,1155.25354003906,3.50326947132587,87.8114753378594
22.34000000,1158.25329589844,3.57469056179094,87.8360655017737
22.34500000,1148.48669433594,3.44247155144923,87.860655665688
22.35000000,1130.22741699219,3.4774703599133,87.8852458296023
22.35500000,1108.21374511719,3.5051281536071,87.9098359935165
22.36000000,1106.36450195312,3.5367251799589,87.9344261574308
22.36500000,1104.83459472656,3.50232952204432,87.9590163213451
22.37000000,1116.53845214844,3.4698775317468,87.9836064852593
22.37500000,1136.173828125,3.50642325730569,88.0081966491736
22.38000000,1138.81530761719,3.53278244451031,88.0327868130879
22.38500000,1117.71435546875,3.53665302416837,88.0573769770022
22.39000000,1103.28918457031,3.55505825760403,88.0819671409164
22.39500000,1108.48803710938,3.54220895720624,88.1065573048307
22.40000000,1116.31872558594,3.5825690924252,88.131147468745
22.40500000,1118.53881835938,3.56026814146967,88.1557376326592
22.41000000,1111.7958984375,3.49563353956703,88.1803277965735
22.41500000,1105.42102050781,3.57569494242968,88.2049179604878
22.42000000,1097.48962402344,3.55997878358382,88.2540982883163
22.42500000,1103.21496582031,3.54089354408453,88.2786884522306
22.43000000,1122.88391113281,3.50361690255233,88.3032786161449
22.43500000,1140.40698242188,3.50295041309887,88.3278687800591
22.44000000,1156.20959472656,3.50488850948015,88.3524589439734
22.44500000,1162.30163574219,3.49589893095353,88.3770491078877
22.45000000,1158.60046386719,3.54929790300296,88.4016392718019
22.45500000,1141.55200195312,3.45859397218689,88.4262294357162
22.46000000,1139.32482910156,3.46473337275283,88.4508195996305
22.46500000,1135.49780273438,3.47177556460025,88.4754097635447
22.47000000,1115.02941894531,3.48514463806733,88.499999927459
22.47500000,1104.79528808594,3.5011926538365,88.5245900913733
22.48000000,1101.357421875,3.42266048915555,88.5491802552876
22.48500000,1097.85083007812,3.47353328916411,88.5737704192018
22.49000000,1088.66516113281,3.45169624885446,88.5983605831161
22.49500000,1095.68249511719,3.40569628582968,88.6229507470304
22.50000000,1106.20776367188,3.43133311547788,88.6475409109446
22.50500000,1127.80993652344,3.41951381838128,88.6721310748589
22.51000000,1147.96740722656,3.4143943129544,88.6967212387732
22.51500000,1146.58996582031,3.40071205962534,88.7213114026874
22.52000000,1129.17749023438,3.44751490997571,88.7459015666017
22.52500000,1117.86694335938,3.37813395694939,88.770491730516
22.53000000,1130.056640625,3.43365815110786,88.7950818944303
22.53500000,1147.8427734375,3.40524733954801,88.8196720583445
22.54000000,1165.505859375,3.5367616620014,88.8442622222588
22.54500000,1178.68798828125,3.42289203935175,88.8688523861731
22.55000000,1178.18542480469,3.43921325151256,88.8934425500873
22.55500000,1174.21276855469,3.45661216068081,88.9180327140016
22.56000000,1171.32348632812,3.5076161409801,88.9426228779159
22.56500000,1180.087890625,3.50533012396391,88.9672130418301
22.57000000,1172.05139160156,3.4808764053981,89.0163933696587
22.57500000,1164.88708496094,3.46104375539279,89.040983533573
22.58000000,1146.89099121094,3.51325277916753,89.0655736974872
22.58500000,1127.19116210938,3.49577855894114,89.0901638614015
22.59000000,1107.65661621094,3.48646227039075,89.1147540253158
22.59500000,1103.15051269531,3.50990226121483,89.13934418923
22.60000000,1107.11206054688,3.48020346417051,89.1639343531443
22.60500000,1104.60778808594,3.50310014211383,89.1885245170586
22.61000000,1120.15283203125,3.48599778270096,89.2131146809729
22.61500000,1138.84338378906,3.48365156104742,89.2377048448871
22.62000000,1140.8955078125,3.53323946670824,89.2622950088014
22.62500000,1126.01672363281,3.54597189368983,89.2868851727157
22.63000000,1118.7138671875,3.53809115970651,89.3114753366299
22.63500000,1119.63073730469,3.54915986856706,89.3360655005442
22.64000000,1117.70178222656,3.57406422582555,89.3606556644585
22.64500000,1126.681640625,3.5518863855885,89.3852458283727
22.65000000,1128.74353027344,3.63539332623878,89.409835992287
22.65500000,1124.93469238281,3.56958666673201,89.4344261562013
22.66000000,1112.52941894531,3.5178588417356,89.4590163201156
22.66500000,1106.14758300781,3.538554725585,89.5081966479441
22.67000000,1104.52380371094,3.56957222083689,89.5327868118584
22.67500000,1109.63732910156,3.65530073556677,89.5573769757726
22.68000000,1130.15881347656,3.53163001669588,89.5819671396869
22.68500000,1141.86694335938,3.53676153121079,89.6065573036012
22.69000000,1140.11853027344,3.57336299181587,89.6311474675154
22.69500000,1126.50390625,3.54344614386248,89.6557376314297
22.70000000,1118.55285644531,3.55906028335473,89.680327795344
22.70500000,1100.40686035156,3.56519004566713,89.7049179592583
22.71000000,1099.6943359375,3.59733855189672,89.7295081231725
22.71500000,1112.11499023438,3.58026768044738,89.7540982870868
22.72000000,1122.53820800781,3.61967003407295,89.7786884510011
22.72500000,1120.78552246094,3.54359690804234,89.8032786149153
22.73000000,1111.64611816406,3.62899949642322,89.8278687788296
22.73500000,1114.62768554688,3.56366491032395,89.8524589427439
22.74000000,1111.39831542969,3.58856267983415,89.9016392705724
22.74500000,1123.6748046875,3.61243154874668,89.9262294344867
22.75000000,1130.9091796875,3.55271853712657,89.950819598401
22.75500000,1134.35266113281,3.57845501719859,89.9754097623152
22.76000000,1127.61535644531,3.61237203182692,89.9999999262295
22.76500000,1114.59973144531,3.56233144701039,90.0245900901438
22.77000000,1109.04382324219,3.52422876014969,90.049180254058
22.77500000,1109.02136230469,3.53203866108466,90.0737704179723
22.78000000,1131.0966796875,3.56062856629062,90.0983605818866
22.78500000,1149.65002441406,3.5312342858244,90.1229507458009
22.79000000,1158.48291015625,3.56841432926299,90.1475409097151
22.79500000,1155.40051269531,3.5750999237089,90.1721310736294
22.80000000,1163.54187011719,3.59719942636107,90.1967212375437
22.80500000,1174.81469726562,3.57337679874404,90.2213114014579
22.81000000,1182.20861816406,3.5159073815751,90.2459015653722
22.81500000,1183.56506347656,3.59496520749401,90.2704917292865
22.82000000,1173.0859375,3.57726934241665,90.319672057115
22.82500000,1163.697265625,3.55365336500283,90.3442622210293
22.83000000,1141.70874023438,3.51414004584308,90.3688523849436
22.83500000,1131.69018554688,3.51681279998223,90.3934425488578
22.84000000,1121.09912109375,3.51892837081454,90.4180327127721
22.84500000,1112.36706542969,3.50348162639762,90.4426228766864
22.85000000,1105.36083984375,3.55510877834593,90.4672130406006
22.85500000,1097.63244628906,3.49693297650332,90.4918032045149
22.86000000,1089.63098144531,3.52063528067436,90.5163933684292
22.86500000,1087.94982910156,3.52022442747319,90.5409835323435
22.87000000,1097.93615722656,3.54401834445208,90.5655736962577
22.87500000,1104.55737304688,3.5443182995466,90.590163860172
22.88000000,1128.32788085938,3.47200736423378,90.6147540240863
22.88500000,1148.86474609375,3.51476891983445,90.6393441880005
22.89000000,1155.119140625,3.50477520522089,90.6639343519148
22.89500000,1151.85888671875,3.46497932369442,90.6885245158291
22.90000000,1151.3662109375,3.51779637794981,90.7131146797433
22.90500000,1163.07995605469,3.48984744945136,90.7377048436576
22.91000000,1172.67431640625,3.52398749986147,90.7622950075719
22.91500000,1175.8603515625,3.50729561534784,90.7868851714862
22.92000000,1159.64892578125,3.51452010155492,90.8360654993147
22.92500000,1140.86328125,3.52440155035567,90.860655663229
22.93000000,1125.25805664062,3.54469148051658,90.8852458271432
22.93500000,1106.51989746094,3.5236828733608,90.9098359910575
22.94000000,1094.30920410156,3.60357367269657,90.9344261549718
22.94500000,1078.65771484375,3.49055534361935,90.9590163188861
22.95000000,1077.41467285156,3.52711518494414,90.9836064828003
22.95500000,1073.39721679688,3.55641851874632,91.0081966467146
22.96000000,1070.26440429688,3.59253551786163,91.0327868106289
22.96500000,1073.28662109375,3.55019344196031,91.0573769745431
22.97000000,1085.03259277344,3.54420984068012,91.0819671384574
22.97500000,1097.26708984375,3.58652915416362,91.1065573023717
22.98000000,1108.23193359375,3.57066401860323,91.1311474662859
22.98500000,1127.84204101562,3.56759217120175,91.1557376302002
22.99000000,1136.86120605469,3.6036470077739,91.1803277941145
22.99500000,1141.29028320312,3.56309710354993,91.2049179580288
23.00000000,1134.21691894531,3.60292375685568,91.229508121943
23.00500000,1130.26379394531,3.59259308456832,91.2786884497716
23.01000000,1120.68200683594,3.58610407670689,91.3032786136858
23.01500000,1101.40771484375,3.62087376380889,91.3278687776001
23.02000000,1086.43237304688,3.62153008817411,91.3524589415144
23.02500000,1057.09057617188,3.62054271494249,91.3770491054287
23.03000000,1020.20520019531,3.60709705481287,91.4016392693429
23.03500000,992.070068359375,3.60002132651898,91.4262294332572
23.04000000,993.801635742188,3.56147505076264,91.4508195971715
23.04500000,1005.39080810547,3.59525505663119,91.4754097610857
23.05000000,1013.36981201172,3.54692629807004,91.499999925
23.05500000,1019.45208740234,3.46527825679517,91.5245900889143
23.06000000,1006.86340332031,3.53540751648579,91.5491802528285
23.06500000,983.197937011719,3.47145447155683,91.5737704167428
23.07000000,960.058776855469,3.58622659469161,91.5983605806571
23.07500000,972.951232910156,3.48759866342558,91.6229507445714
23.08000000,999.843322753906,3.4297136213786,91.6475409084856
23.08500000,1029.86962890625,3.52386075905708,91.6721310723999
23.09000000,1059.56274414062,3.48474665393638,91.7213114002284
23.09500000,1083.27575683594,3.45048216503734,91.7459015641427
23.10000000,1082.67810058594,3.51955290656352,91.770491728057
23.10500000,1066.98742675781,3.51222312518723,91.7950818919713
23.11000000,1052.18701171875,3.54085838421217,91.8196720558855
23.11500000,1026.25659179688,3.50732720155186,91.8442622197998
23.12000000,1006.20831298828,3.53987546806506,91.8688523837141
23.12500000,991.767700195313,3.50157450915382,91.8934425476283
23.13000000,984.322021484375,3.55349157409509,91.9180327115426
23.13500000,969.706420898438,3.59304769127329,91.9426228754569
23.14000000,959.256713867187,3.57275531574827,91.9672130393711
23.14500000,961.614013671875,3.51064074980596,91.9918032032854
23.15000000,956.8154296875,3.51304029191293,92.0163933671997
23.15500000,968.930908203125,3.49978896707361,92.0409835311139
23.16000000,1005.21160888672,3.47229875521409,92.0655736950282
23.16500000,1044.32421875,3.41268722928093,92.0901638589425
23.17000000,1080.69177246094,3.42684481634699,92.1147540228568
23.17500000,1109.34338378906,3.47676843931085,92.139344186771
23.18000000,1129.41125488281,3.46071642709387,92.1639343506853
23.18500000,1136.16271972656,3.48065240050021,92.1885245145996
23.19000000,1157.48620605469,3.50591612342039,92.2131146785138
23.19500000,1179.9716796875,3.47662712508225,92.2377048424281
23.20000000,1188.04309082031,3.51440980100619,92.2622950063424
23.20500000,1174.27856445312,3.49506749409682,92.3114753341709
23.21000000,1153.51489257812,3.47800074092721,92.3360654980852
23.21500000,1138.30859375,3.49687737521169,92.3606556619995
23.22000000,1120.63159179688,3.50475399926537,92.3852458259137
23.22500000,1118.71948242188,3.48105460434765,92.409835989828
23.23000000,1110.82019042969,3.46376245305784,92.4344261537423
23.23500000,1092.01489257812,3.48021329861725,92.4590163176566
23.24000000,1070.47302246094,3.5218556567453,92.4836064815708
23.24500000,1058.68359375,3.53508840545874,92.5081966454851
23.25000000,1047.97631835938,3.54813526686934,92.5327868093994
23.25500000,1038.22790527344,3.47648838365538,92.5573769733136
23.26000000,1044.6923828125,3.52393019140412,92.5819671372279
23.26500000,1051.74743652344,3.50153506221532,92.6065573011422
23.27000000,1072.56994628906,3.55074402009369,92.6311474650564
23.27500000,1094.80615234375,3.53166507749032,92.6557376289707
23.28000000,1119.7958984375,3.47283550512347,92.680327792885
23.28500000,1132.11291503906,3.51286581506107,92.7049179567992
23.29000000,1133.54223632812,3.47609194507362,92.7295081207135
23.29500000,1140.07800292969,3.46042218607021,92.7540982846278
23.30000000,1140.20251464844,3.51462300134599,92.7786884485421
23.30500000,1134.65087890625,3.47151671090645,92.8032786124563
23.31000000,1104.31518554688,3.56784263335054,92.8278687763706
23.31500000,1072.47607421875,3.54657309039943,92.8770491041991
23.32000000,1037.55041503906,3.51932059348023,92.9016392681134
23.32500000,1015.0146484375,3.48054051225309,92.9262294320277
23.33000000,1015.84051513672,3.5394358292686,92.950819595942
23.33500000,1024.09106445312,3.50234040863862,92.9754097598562
23.34000000,1034.34484863281,3.58547399579334,92.9999999237705
23.34500000,1030.88305664062,3.47958105250503,93.0245900876848
23.35000000,1026.44836425781,3.48076836637344,93.049180251599
23.35500000,1001.53430175781,3.48068656950201,93.0737704155133
23.36000000,980.675476074219,3.50774669043594,93.0983605794276
23.36500000,971.505187988281,3.47554589270456,93.1229507433418
23.37000000,974.051452636719,3.46473570832619,93.1475409072561
23.37500000,980.966613769531,3.49012425470651,93.1721310711704
23.38000000,973.86669921875,3.5065375559524,93.1967212350846
23.38500000,973.343139648438,3.49880588840665,93.2213113989989
23.39000000,971.547180175781,3.50463515678414,93.2459015629132
23.39500000,983.22314453125,3.51002552106384,93.2704917268275
23.40000000,1001.81707763672,3.51170176622104,93.2950818907417
23.40500000,1022.11737060547,3.50419205854869,93.319672054656
23.41000000,1031.84899902344,3.43522447198127,93.3442622185703
23.41500000,1051.09655761719,3.47609796351486,93.3688523824845
23.42000000,1076.83239746094,3.45803473558466,93.3934425463988
23.42500000,1094.6171875,3.41908464202458,93.4180327103131
23.43000000,1113.73608398438,3.37770362191846,93.4426228742274
23.43500000,1129.11315917969,3.34651999433232,93.4672130381416
23.44000000,1133.50854492188,3.37403106319435,93.4918032020559
23.44500000,1127.82531738281,3.3180319126699,93.5163933659702
23.45000000,1124.30615234375,3.41128497781302,93.5409835298844
23.45500000,1115.20446777344,3.34352521761697,93.5655736937987
23.46000000,1100.26965332031,3.29095909781875,93.590163857713
23.46500000,1106.47094726562,3.38504556723675,93.6147540216273
23.47000000,1104.79113769531,3.27762863071894,93.6393441855415
23.47500000,1099.92395019531,3.42934748726023,93.6639343494558
23.48000000,1098.33093261719,3.32387723472044,93.6885245133701
23.48500000,1110.96301269531,3.31720284235222,93.7131146772843
23.49000000,1115.3291015625,3.3626806975808,93.7377048411986
23.49500000,1119.13793945312,3.30772194995823,93.7622950051129
23.50000000,1132.35510253906,3.2978532595976,93.7868851690271
23.50500000,1128.81921386719,3.37087446702706,93.8114753329414
23.51000000,1125.115234375,3.34944721840521,93.8360654968557
23.51500000,1132.42797851562,3.3743592788799,93.8606556607699
23.52000000,1152.80236816406,3.32720448639043,93.8852458246842
23.52500000,1165.58984375,3.43754038703495,93.9098359885985
23.53000000,1180.00109863281,3.3282606267972,93.9344261525128
23.53500000,1203.68334960938,3.40509489088354,93.959016316427
23.54000000,1209.53601074219,3.36871419367361,93.9836064803413
23.54500000,1198.16516113281,3.52395346797994,94.0081966442556
23.55000000,1173.55627441406,3.37045015928464,94.0327868081698
23.55500000,1157.65979003906,3.39001017133743,94.0819671359984
23.56000000,1144.86535644531,3.41374949462465,94.1065572999127
23.56500000,1151.34655761719,3.45135995653243,94.1311474638269
23.57000000,1150.38073730469,3.46492890440565,94.1557376277412
23.57500000,1132.93322753906,3.39783014661877,94.1803277916555
23.58000000,1099.50402832031,3.46284484203893,94.2049179555697
23.58500000,1055.97631835938,3.48929483517874,94.229508119484
23.59000000,1019.62567138672,3.49994108731206,94.2540982833983
23.59500000,989.035217285156,3.51483974956227,94.2786884473126
23.60000000,986.712890625,3.52968423685491,94.3032786112268
23.60500000,991.309936523437,3.51963191314412,94.3278687751411
23.61000000,987.657775878906,3.53992619541006,94.3524589390554
23.61500000,972.672668457031,3.52124265682668,94.3770491029696
23.62000000,964.112731933594,3.50205846951184,94.4016392668839
23.62500000,965.021179199219,3.53546927559594,94.4262294307982
23.63000000,972.240112304687,3.53074259891018,94.4508195947124
23.63500000,1007.91748046875,3.49541510381167,94.4754097586267
23.64000000,1041.07934570312,3.47669930480772,94.499999922541
23.64500000,1071.37451171875,3.51319921403195,94.5245900864552
23.65000000,1082.00329589844,3.49589524497821,94.5491802503695
23.65500000,1102.53186035156,3.58580048067697,94.5737704142838
23.66000000,1114.79296875,3.51096187566718,94.5983605781981
23.66500000,1123.84973144531,3.47260703143924,94.6229507421123
23.67000000,1135.58459472656,3.4967542169972,94.6721310699409
23.67500000,1129.45751953125,3.5270611071025,94.6967212338551
23.68000000,1120.92700195312,3.60041934749418,94.7213113977694
23.68500000,1108.75268554688,3.46903413791968,94.7459015616837
23.69000000,1097.21533203125,3.4562501043122,94.770491725598
23.69500000,1066.15307617188,3.48739379785905,94.7950818895122
23.70000000,1040.58801269531,3.42470855011214,94.8196720534265
23.70500000,1046.4462890625,3.39122496209897,94.8442622173408
23.71000000,1053.39367675781,3.41321273846954,94.868852381255
23.71500000,1045.86267089844,3.36093890739545,94.8934425451693
23.72000000,1041.52600097656,3.36393629357738,94.9180327090836
23.72500000,1057.97387695312,3.3598294902491,94.9426228729978
23.73000000,1073.22082519531,3.37458171464728,94.9672130369121
23.73500000,1101.68627929688,3.30207130797303,94.9918032008264
23.74000000,1135.6083984375,3.34541658920139,95.0163933647407
23.74500000,1155.31652832031,3.3369375569549,95.0409835286549
23.75000000,1167.07641601562,3.40803743252063,95.0655736925692
23.75500000,1177.08947753906,3.31949227754615,95.0901638564835
23.76000000,1193.81591796875,3.32854507678314,95.1147540203977
23.76500000,1188.45458984375,3.36211702250652,95.139344184312
23.77000000,1182.28283691406,3.39442692362378,95.1639343482263
23.77500000,1169.7529296875,3.39358335400403,95.1885245121405
23.78000000,1151.48657226562,3.33652091281189,95.2131146760548
23.78500000,1124.74987792969,3.349351925919,95.2377048399691
23.79000000,1102.98815917969,3.3478049678634,95.2622950038834
23.79500000,1100.81567382812,3.32745347353134,95.2868851677976
23.80000000,1098.81103515625,3.3256567303825,95.3114753317119
23.80500000,1112.77856445312,3.32495564525444,95.3360654956262
23.81000000,1115.16809082031,3.31983799274352,95.3606556595404
23.81500000,1102.04467773438,3.36465178556415,95.3852458234547
23.82000000,1075.44372558594,3.35362178287899,95.409835987369
23.82500000,1070.67041015625,3.36271023159784,95.4344261512833
23.83000000,1091.45642089844,3.449960139995,95.4590163151975
23.83500000,1097.90124511719,3.44602387008629,95.4836064791118
23.84000000,1105.71081542969,3.43573615281974,95.5081966430261
23.84500000,1107.09802246094,3.44212658804375,95.5327868069403
23.85000000,1109.47497558594,3.46105053214224,95.5573769708546
23.85500000,1098.72705078125,3.44168547750187,95.5819671347689
23.86000000,1095.97644042969,3.47077380717769,95.6065572986831
23.86500000,1106.51147460938,3.50414576870226,95.6311474625974
23.87000000,1109.40356445312,3.4606996262954,95.6557376265117
23.87500000,1111.80847167969,3.51771422760407,95.680327790426
23.88000000,1099.11206054688,3.48583834556191,95.7049179543402
23.88500000,1081.85498046875,3.59667070077799,95.7295081182545
23.89000000,1067.48571777344,3.56314877296292,95.7540982821688
23.89500000,1055.79724121094,3.51186597210093,95.778688446083
23.90000000,1046.9306640625,3.58533190591582,95.8032786099973
23.90500000,1037.72827148438,3.52867909317172,95.8278687739116
23.91000000,1038.82702636719,3.51425214961906,95.8524589378259
23.91500000,1032.98974609375,3.52666248130604,95.9016392656544
23.92000000,1024.25073242188,3.54145576662443,95.9262294295687
23.92500000,1003.12866210938,3.56149521870232,95.9508195934829
23.93000000,997.367004394531,3.50124408725892,95.9754097573972
23.93500000,999.395324707031,3.53566124065629,95.9999999213115
23.94000000,1007.09161376953,3.47935844103686,96.0245900852257
23.94500000,1017.9990234375,3.50445389661798,96.04918024914
23.95000000,1021.88635253906,3.50007895507924,96.0737704130543
23.95500000,1016.38226318359,3.52208130783316,96.0983605769686
23.96000000,1014.38891601562,3.43128779087979,96.1229507408828
23.96500000,1030.03051757812,3.44019733171793,96.1475409047971
23.97000000,1038.02355957031,3.43766314781254,96.1721310687114
23.97500000,1048.29833984375,3.45779256622746,96.1967212326256
23.98000000,1063.65307617188,3.42717792535993,96.2213113965399
23.98500000,1064.39916992188,3.40811234044027,96.2459015604542
23.99000000,1058.2861328125,3.40153059612929,96.2704917243685
23.99500000,1055.08325195312,3.35946452209268,96.2950818882827
24.00000000,1063.56066894531,3.30250142735361,96.319672052197
24.00500000,1071.15466308594,3.25316010662506,96.3442622161113
24.01000000,1080.93249511719,3.20823848290111,96.3688523800255
24.01500000,1098.37707519531,3.19895630078276,96.3934425439398
24.02000000,1104.56994628906,3.21264299913613,96.4180327078541
24.02500000,1107.20581054688,3.19328482769144,96.4426228717683
24.03000000,1102.73901367188,3.19443482960589,96.4672130356826
24.03500000,1116.14379882812,3.26824156417747,96.4918031995969
24.04000000,1134.33166503906,3.28091204433114,96.5163933635112
24.04500000,1148.83813476562,3.2764201204879,96.5409835274254
24.05000000,1164.36499023438,3.28116844146916,96.5655736913397
24.05500000,1172.46716308594,3.29394551010432,96.590163855254
24.06000000,1170.43188476562,3.29413161778836,96.6147540191682
24.06500000,1176.64013671875,3.28285651042993,96.6393441830825
24.07000000,1193.06140136719,3.38015474599218,96.6639343469968
24.07500000,1203.34594726562,3.32568737054963,96.6885245109111
24.08000000,1216.35461425781,3.31771929799107,96.7131146748253
24.08500000,1220.88439941406,3.40091956522254,96.7377048387396
24.09000000,1209.2392578125,3.30135975359924,96.7622950026539
24.09500000,1182.2099609375,3.43273617071049,96.7868851665681
24.10000000,1157.93273925781,3.30409259705931,96.8114753304824
24.10500000,1148.94445800781,3.30238680133225,96.8360654943967
24.11000000,1146.39123535156,3.35834753302336,96.8606556583109
24.11500000,1154.21899414062,3.28915858750585,96.8852458222252
24.12000000,1155.18774414062,3.31369998557658,96.9098359861395
24.12500000,1161.57934570312,3.36873143443395,96.9344261500537
24.13000000,1162.12243652344,3.38516090472834,96.959016313968
24.13500000,1167.39135742188,3.4368306465337,96.9836064778823
24.14000000,1165.09436035156,3.36893809274015,97.0081966417966
24.14500000,1158.42834472656,3.47399033672011,97.0327868057108
24.15000000,1157.56323242188,3.37590895177728,97.0573769696251
24.15500000,1153.19995117188,3.47229432235036,97.0819671335394
24.16000000,1152.15148925781,3.42338687012802,97.1065572974536
24.16500000,1153.63391113281,3.48524272057206,97.1311474613679
24.17000000,1149.19641113281,3.37874132520463,97.1557376252822
24.17500000,1134.35546875,3.38604625831223,97.1803277891965
24.18000000,1113.68139648438,3.42641527581714,97.2049179531107
24.18500000,1112.00720214844,3.44856889391897,97.229508117025
24.19000000,1110.439453125,3.40948007011189,97.2540982809393
24.19500000,1103.26672363281,3.39186836387875,97.2786884448535
24.20000000,1087.07629394531,3.41649420894174,97.3032786087678
24.20500000,1071.52001953125,3.40985920305791,97.3278687726821
24.21000000,1057.107421875,3.39751159671101,97.3524589365964
24.21500000,1056.36975097656,3.39681636724383,97.3770491005106
24.22000000,1059.34436035156,3.38190113914107,97.4016392644249
24.22500000,1042.47778320312,3.36368427145956,97.4262294283392
24.23000000,1028.37182617188,3.36575313711402,97.4508195922534
24.23500000,1019.25329589844,3.32868513100206,97.4754097561677
24.24000000,1022.34552001953,3.31917797671528,97.499999920082
24.24500000,1024.82739257812,3.3444071636053,97.5245900839962
24.25000000,1030.96569824219,3.32545888989404,97.5491802479105
24.25500000,1042.02282714844,3.31885678532158,97.5737704118248
24.26000000,1054.38061523438,3.30813916950447,97.598360575739
24.26500000,1068.5986328125,3.31840732304681,97.6229507396533
24.27000000,1077.59533691406,3.31392137885509,97.6475409035676
24.27500000,1091.578125,3.31330876627437,97.6721310674819
24.28000000,1085.56726074219,3.3251482419911,97.6967212313961
24.28500000,1072.49011230469,3.22238524123884,97.7213113953104
24.29000000,1075.71667480469,3.19061999947763,97.7459015592247
24.29500000,1077.18933105469,3.22662573177729,97.7704917231389
24.30000000,1073.76391601562,3.15605611993434,97.7950818870532
24.30500000,1051.81469726562,3.27522613933104,97.8196720509675
24.31000000,1034.04528808594,3.16410896999404,97.8442622148818
24.31500000,1016.43682861328,3.16406328041302,97.868852378796
24.32000000,1002.10821533203,3.23242482008574,97.8934425427103
24.32500000,990.330078125,3.17956359337027,97.8934425427103
24.33000000,982.763977050781,3.2172739171691,97.9180327066246
24.33500000,972.324096679688,3.25524344417103,97.9426228705388
24.34000000,957.221374511719,3.23815458718673,97.9672130344531
24.34500000,970.56591796875,3.27574915036971,97.9918031983674
24.35000000,997.014221191406,3.21188064065626,98.0163933622817
24.35500000,1034.32104492188,3.27337295718337,98.0409835261959
24.36000000,1072.16821289062,3.19357302980297,98.0655736901102
24.36500000,1096.9814453125,3.20472081156114,98.0901638540244
24.37000000,1098.79284667969,3.18908721016596,98.1147540179387
24.37500000,1105.47290039062,3.24846059303101,98.139344181853
24.38000000,1127.50048828125,3.22099533024736,98.1639343457673
24.38500000,1135.26672363281,3.17556374661599,98.1885245096815
24.39000000,1141.13208007812,3.20708495990004,98.2131146735958
24.39500000,1147.81628417969,3.2317174639403,98.2377048375101
24.40000000,1156.70092773438,3.27519624824285,98.2622950014243
24.40500000,1153.0068359375,3.27966549105713,98.2868851653386
24.41000000,1153.11181640625,3.27469773190124,98.3114753292529
24.41500000,1168.25512695312,3.3199998642701,98.3360654931672
24.42000000,1175.29345703125,3.32493837551836,98.3606556570814
24.42500000,1185.72351074219,3.31361456830891,98.3852458209957
24.43000000,1193.28540039062,3.31493463893897,98.40983598491
24.43500000,1196.20544433594,3.30863548941145,98.4344261488242
24.44000000,1176.81506347656,3.28149551326752,98.4590163127385
24.44500000,1168.01574707031,3.2962217510052,98.4836064766528
24.45000000,1165.18103027344,3.26992584890757,98.5081966405671
24.45500000,1167.86730957031,3.25449159238006,98.5327868044813
24.46000000,1194.72729492188,3.30529693977535,98.5573769683956
24.46500000,1219.59375,3.28814284265313,98.5819671323099
24.47000000,1233.02368164062,3.30623734380935,98.6065572962241
24.47500000,1225.47302246094,3.30011660075936,98.6311474601384
24.48000000,1222.81762695312,3.29958692134608,98.6557376240527
24.48500000,1219.19348144531,3.35447751955809,98.680327787967
24.49000000,1215.77087402344,3.31948277824024,98.7049179518812
24.49500000,1214.92956542969,3.3916363006995,98.7295081157955
24.50000000,1216.74377441406,3.32357469757815,98.7540982797097
24.50500000,1221.3701171875,3.30504598390351,98.778688443624
24.51000000,1224.46655273438,3.39628351671623,98.8032786075383
24.51500000,1228.18310546875,3.28211486588151,98.8278687714526
24.52000000,1220.59741210938,3.40822249285808,98.8524589353668
24.52500000,1209.04748535156,3.27209524971739,98.8770490992811
24.53000000,1184.81787109375,3.24762372331072,98.9016392631954
24.53500000,1159.54821777344,3.31104212306723,98.9262294271096
24.54000000,1135.76086425781,3.24487590985768,98.9508195910239
24.54500000,1113.02770996094,3.24640262723115,98.9508195910239
24.55000000,1091.37658691406,3.28662049090897,98.9754097549382
24.55500000,1071.80847167969,3.25282720414223,98.9999999188525
24.56000000,1077.04382324219,3.27245699950039,99.0245900827667
24.56500000,1083.44091796875,3.269041381493,99.049180246681
24.57000000,1082.66552734375,3.33530431802883,99.0737704105953
24.57500000,1086.02221679688,3.27258100179991,99.0983605745095
24.58000000,1106.10974121094,3.33873152906108,99.1229507384238
24.58500000,1136.15844726562,3.31069370106978,99.1475409023381
24.59000000,1159.65881347656,3.39018264668796,99.1721310662524
24.59500000,1203.97729492188,3.28789284035929,99.1967212301666
24.60000000,1236.65063476562,3.2375143767651,99.2213113940809
24.60500000,1242.54956054688,3.22777762163009,99.2459015579952
24.61000000,1226.36474609375,3.26675500185594,99.2704917219094
24.61500000,1215.66027832031,3.2656022169969,99.2950818858237
24.62000000,1211.76879882812,3.22605937007854,99.319672049738
24.62500000,1208.56030273438,3.23121742838975,99.3442622136522
24.63000000,1209.83142089844,3.26570655103928,99.3688523775665
24.63500000,1190.66491699219,3.29548797095134,99.3934425414808
24.64000000,1173.14050292969,3.30488021493526,99.418032705395
24.64500000,1143.76794433594,3.30840943717027,99.4426228693093
24.65000000,1129.42395019531,3.29721384554303,99.4672130332236
24.65500000,1125.76892089844,3.29605900428382,99.4918031971379
24.66000000,1130.17700195312,3.32009335811762,99.5163933610521
24.66500000,1134.54162597656,3.29746961269222,99.5409835249664
24.67000000,1135.98767089844,3.29490409854021,99.5655736888807
24.67500000,1139.98425292969,3.32773053368421,99.5901638527949
24.68000000,1127.65307617188,3.322858372294,99.6147540167092
24.68500000,1126.20568847656,3.3200150720713,99.6393441806235
24.69000000,1134.24353027344,3.32095508848308,99.6639343445378
24.69500000,1150.42687988281,3.34404150788603,99.688524508452
24.70000000,1162.45983886719,3.34930464809564,99.7131146723663
24.70500000,1166.24499511719,3.38072553080641,99.7377048362806
24.71000000,1157.53942871094,3.39986467697438,99.7622950001948
24.71500000,1147.623046875,3.32582201001104,99.7868851641091
24.72000000,1150.14978027344,3.33618924423707,99.8114753280234
24.72500000,1152.5546875,3.32997710173906,99.8360654919377
24.73000000,1153.61987304688,3.31613909363195,99.8606556558519
24.73500000,1135.57055664062,3.35501090067589,99.8852458197662
24.74000000,1119.31579589844,3.27681414032898,99.9098359836805
24.74500000,1103.47387695312,3.29466874861177,99.9344261475947
24.75000000,1093.66247558594,3.33060858885424,99.959016311509
24.75500000,1085.12353515625,3.29316559829131,99.9836064754233
24.76000000,1066.79284667969,3.30922899457134,100.008196639338
24.76500000,1056.37536621094,3.33303785140362,100.032786803252
24.77000000,1053.19494628906,3.33267439589724,100.057376967166
24.77500000,1063.00354003906,3.37850933707368,100.08196713108
24.78000000,1078.04748535156,3.36943836374573,100.106557294995
24.78500000,1097.3916015625,3.39003960133265,100.131147458909
24.79000000,1120.34460449219,3.36990485356394,100.155737622823
24.79500000,1146.0791015625,3.42021709846164,100.180327786737
24.80000000,1179.81909179688,3.41924036545547,100.204917950652
24.80500000,1210.10437011719,3.43015285881052,100.229508114566
24.81000000,1219.06469726562,3.35077848083396,100.25409827848
24.81500000,1209.93920898438,3.36538719657657,100.278688442395
24.82000000,1207.68408203125,3.37116460968205,100.303278606309
24.82500000,1214.00280761719,3.36983907487496,100.327868770223
24.83000000,1218.39270019531,3.3411988781893,100.352458934137
24.83500000,1219.30395507812,3.31460242694216,100.377049098052
24.84000000,1213.6220703125,3.32089705762863,100.401639261966
24.84500000,1210.49914550781,3.34178959826888,100.42622942588
24.85000000,1197.60803222656,3.33530094819549,100.450819589794
24.85500000,1182.55712890625,3.342167425971,100.475409753709
24.86000000,1175.072265625,3.34875152767525,100.499999917623
24.86500000,1169.65637207031,3.327012572978,100.524590081537
24.87000000,1168.43713378906,3.34672324094637,100.549180245451
24.87500000,1168.51831054688,3.33372071942441,100.573770409366
24.88000000,1184.36437988281,3.32429999202645,100.59836057328
24.88500000,1192.04663085938,3.35625331796143,100.622950737194
24.89000000,1179.91284179688,3.35364837070293,100.647540901109
24.89500000,1153.06274414062,3.34410087203411,100.672131065023
24.90000000,1121.47290039062,3.31703810984245,100.696721228937
24.90500000,1103.76501464844,3.31189875346721,100.721311392851
24.91000000,1086.38195800781,3.3044272935115,100.745901556766
24.91500000,1089.57507324219,3.31138335407023,100.77049172068
24.92000000,1087.3212890625,3.35302101978952,100.795081884594
24.92500000,1083.83569335938,3.27244689060382,100.819672048508
24.93000000,1082.27355957031,3.24340410717262,100.844262212423
24.93500000,1083.74060058594,3.2865610381094,100.868852376337
24.94000000,1086.57653808594,3.23418808592796,100.893442540251
24.94500000,1094.90979003906,3.33890382089403,100.918032704166
24.95000000,1114.12097167969,3.2463117068276,100.94262286808
24.95500000,1120.53918457031,3.23331954607386,100.967213031994
24.96000000,1119.32409667969,3.29211897054757,100.991803195908
24.96500000,1126.103515625,3.23866458049533,101.016393359823
24.97000000,1141.283203125,3.27518425647329,101.040983523737
24.97500000,1150.85241699219,3.33495699399858,101.065573687651
24.98000000,1146.65014648438,3.31320993963622,101.090163851565
24.98500000,1137.47705078125,3.39015246547696,101.11475401548
24.99000000,1116.25988769531,3.32503848203802,101.139344179394
24.99500000,1107.06164550781,3.38943964069659,101.163934343308
25.00000000,1114.75231933594,3.25043609575404,101.188524507223
25.00500000,1129.81164550781,3.34508632337475,101.213114671137
25.01000000,1134.14270019531,3.28279516539804,101.213114671137
25.01500000,1121.33435058594,3.30835956429637,101.262294998965
25.02000000,1121.53869628906,3.33428942565956,101.262294998965
25.02500000,1133.1572265625,3.3096774911669,101.28688516288
25.03000000,1157.00463867188,3.29692028338997,101.311475326794
25.03500000,1180.22082519531,3.32730350877242,101.336065490708
25.04000000,1215.05554199219,3.33131190733138,101.360655654622
25.04500000,1244.18872070312,3.28293300503348,101.385245818537
25.05000000,1265.20568847656,3.29405353644656,101.409835982451
25.05500000,1275.42309570312,3.36818482729436,101.434426146365
25.06000000,1272.5380859375,3.3499819173758,101.45901631028
25.06500000,1257.97705078125,3.35863748802117,101.483606474194
25.07000000,1259.55749511719,3.39807431279721,101.508196638108
25.07500000,1277.10571289062,3.38394882021806,101.532786802022
25.08000000,1281.51098632812,3.39739886144727,101.557376965937
25.08500000,1275.19909667969,3.38010696641497,101.581967129851
25.09000000,1271.73034667969,3.31507640771807,101.606557293765
25.09500000,1267.56311035156,3.37975002816944,101.631147457679
25.10000000,1262.59228515625,3.36511912559872,101.655737621594
25.10500000,1238.31921386719,3.33802185614074,101.680327785508
25.11000000,1222.74755859375,3.31648067473882,101.704917949422
25.11500000,1209.61584472656,3.29593195249008,101.729508113336
25.12000000,1217.36242675781,3.3171412795555,101.754098277251
25.12500000,1233.56262207031,3.27649401267009,101.778688441165
25.13000000,1254.16955566406,3.35949144774488,101.803278605079
25.13500000,1270.97998046875,3.2946017452297,101.827868768994
25.14000000,1278.07580566406,3.2458540907589,101.852458932908
25.14500000,1282.42504882812,3.32922918205631,101.877049096822
25.15000000,1277.43737792969,3.24664697268768,101.901639260736
25.15500000,1276.94750976562,3.37767863782037,101.926229424651
25.16000000,1274.22058105469,3.32264546576243,101.950819588565
25.16500000,1254.50268554688,3.28801831160433,101.975409752479
25.17000000,1244.078125,3.32486044754954,101.999999916393
25.17500000,1240.94396972656,3.29655954264599,102.024590080308
25.18000000,1226.47253417969,3.26993181480409,102.049180244222
25.18500000,1198.49560546875,3.28538947204733,102.073770408136
25.19000000,1178.13366699219,3.2633804130689,102.098360572051
25.19500000,1156.57080078125,3.24906455656032,102.122950735965
25.20000000,1138.95532226562,3.20814500977572,102.147540899879
25.20500000,1121.62963867188,3.24222035115116,102.172131063793
25.21000000,1090.12097167969,3.2187313694189,102.196721227708
25.21500000,1069.71008300781,3.20230012221277,102.221311391622
25.22000000,1054.28112792969,3.23666272069496,102.245901555536
25.22500000,1054.1005859375,3.28239647857236,102.27049171945
25.23000000,1049.62951660156,3.30287051037303,102.295081883365
25.23500000,1058.48767089844,3.21311646893967,102.319672047279
25.24000000,1077.62194824219,3.2240591402826,102.344262211193
25.24500000,1092.92761230469,3.23020108481782,102.368852375107
25.25000000,1098.52270507812,3.27765742887066,102.393442539022
25.25500000,1100.13256835938,3.23673205898379,102.418032702936
25.26000000,1114.25952148438,3.20725520548462,102.44262286685
25.26500000,1108.80029296875,3.24869052485986,102.467213030765
25.27000000,1088.8779296875,3.26888582637863,102.491803194679
25.27500000,1061.94384765625,3.24180700764281,102.516393358593
25.28000000,1033.89123535156,3.24416623910476,102.540983522507
25.28500000,1031.11401367188,3.27317196320197,102.565573686422
25.29000000,1028.44592285156,3.2685518485006,102.590163850336
25.29500000,1036.71899414062,3.28010256111126,102.590163850336
25.30000000,1046.83410644531,3.26767592189431,102.61475401425
25.30500000,1065.09204101562,3.21823649551957,102.639344178164
25.31000000,1087.37585449219,3.25543313612065,102.663934342079
25.31500000,1122.81396484375,3.27746882363305,102.688524505993
25.32000000,1139.77001953125,3.26137995987117,102.713114669907
25.32500000,1138.64172363281,3.25107819459421,102.737704833822
25.33000000,1144.15148925781,3.24507449291543,102.762294997736
25.33500000,1160.59521484375,3.26506277496435,102.78688516165
25.34000000,1181.96643066406,3.25337627013112,102.811475325564
25.34500000,1198.59631347656,3.32549459503597,102.836065489479
25.35000000,1216.38671875,3.29633383717651,102.860655653393
25.35500000,1215.63928222656,3.23184756536336,102.885245817307
25.36000000,1206.11767578125,3.27603252973677,102.909835981221
25.36500000,1207.19274902344,3.23331099849896,102.934426145136
25.37000000,1215.87866210938,3.28144167958794,102.95901630905
25.37500000,1240.99719238281,3.28033698210577,102.983606472964
25.38000000,1256.29162597656,3.21031835318338,103.008196636879
25.38500000,1282.63635253906,3.22240090792853,103.032786800793
25.39000000,1299.97045898438,3.22586392873704,103.057376964707
25.39500000,1303.43359375,3.19558000158915,103.081967128621
25.40000000,1297.62158203125,3.21479985739164,103.106557292536
25.40500000,1285.46130371094,3.22984445677941,103.13114745645
25.41000000,1279.93334960938,3.21120256997537,103.155737620364
25.41500000,1293.66564941406,3.22717789813616,103.180327784278
25.42000000,1334.76599121094,3.2102918399268,103.204917948193
25.42500000,1346.47546386719,3.23958435648126,103.229508112107
25.43000000,1330.36767578125,3.17244452129258,103.254098276021
25.43500000,1328.8125,3.25478636567437,103.278688439935
25.44000000,1336.32116699219,3.24054676001386,103.30327860385
25.44500000,1339.11242675781,3.35677499169901,103.327868767764
25.45000000,1337.78955078125,3.20858517320847,103.352458931678
25.45500000,1338.40417480469,3.23141327886749,103.352458931678
25.46000000,1324.1552734375,3.23466273881322,103.377049095593
25.46500000,1301.11694335938,3.27004472360356,103.401639259507
25.47000000,1266.482421875,3.2827652492503,103.426229423421
25.47500000,1243.5322265625,3.24068760076049,103.450819587335
25.48000000,1216.74377441406,3.23338358757916,103.47540975125
25.48500000,1206.98547363281,3.28203210482127,103.499999915164
25.49000000,1204.25866699219,3.26272027855954,103.524590079078
25.49500000,1202.85607910156,3.27472401649132,103.549180242992
25.50000000,1190.66918945312,3.32359104967684,103.573770406907
25.50500000,1169.97131347656,3.35743094360134,103.598360570821
25.51000000,1153.478515625,3.37454404705828,103.622950734735
25.51500000,1141.97338867188,3.39124286546368,103.64754089865
25.52000000,1146.44165039062,3.35799084292596,103.672131062564
25.52500000,1154.59558105469,3.37907323691286,103.696721226478
25.53000000,1153.84252929688,3.35235546921757,103.721311390392
25.53500000,1134.36108398438,3.31787451854673,103.745901554307
25.54000000,1126.90563964844,3.29615551282355,103.770491718221
25.54500000,1136.84155273438,3.28283398100644,103.795081882135
25.55000000,1138.93566894531,3.29999846475153,103.819672046049
25.55500000,1153.48693847656,3.28205368073855,103.844262209964
25.56000000,1166.65649414062,3.34879992217032,103.868852373878
25.56500000,1177.61010742188,3.33489614242239,103.893442537792
25.57000000,1177.09777832031,3.29358980332677,103.918032701707
25.57500000,1175.96118164062,3.36001457416504,103.942622865621
25.58000000,1176.30688476562,3.32119343833553,103.967213029535
25.58500000,1175.06811523438,3.39170678812415,103.991803193449
25.59000000,1183.84643554688,3.36494132362864,104.016393357364
25.59500000,1179.015625,3.33274707117852,104.040983521278
25.60000000,1168.19494628906,3.3566529646515,104.065573685192
25.60500000,1150.52075195312,3.33083203075454,104.090163849106
25.61000000,1152.57287597656,3.27637448274865,104.114754013021
25.61500000,1168.67919921875,3.26333239906736,104.139344176935
25.62000000,1191.06115722656,3.25269626176801,104.163934340849
25.62500000,1216.04943847656,3.25597160267998,104.188524504764
25.63000000,1233.81604003906,3.26224159192214,104.213114668678
25.63500000,1249.51513671875,3.29563731371907,104.237704832592
25.64000000,1260.84948730469,3.29018034460089,104.262294996506
25.64500000,1265.56274414062,3.29364737689218,104.286885160421
25.65000000,1248.47082519531,3.33258476143208,104.311475324335
25.65500000,1230.07702636719,3.36360075193696,104.336065488249
25.66000000,1223.81567382812,3.37353825498779,104.360655652163
25.66500000,1212.43920898438,3.30766745961033,104.385245816078
25.67000000,1203.92834472656,3.31602821134875,104.409835979992
25.67500000,1191.62097167969,3.32918513873589,104.434426143906
25.68000000,1192.48474121094,3.32331856922295,104.45901630782
25.68500000,1188.86474609375,3.27734222322123,104.483606471735
25.69000000,1196.84521484375,3.25989717482467,104.508196635649
25.69500000,1219.42016601562,3.28028209679629,104.532786799563
25.70000000,1235.57275390625,3.28654526917979,104.557376963478
25.70500000,1247.86474609375,3.26376758582784,104.581967127392
25.71000000,1250.31713867188,3.24577480461436,104.606557291306
25.71500000,1256.81237792969,3.26142036795708,104.63114745522
25.72000000,1264.72277832031,3.24360473973554,104.655737619135
25.72500000,1282.86315917969,3.29304503546161,104.680327783049
25.73000000,1280.75219726562,3.30228422699785,104.704917946963
25.73500000,1257.61584472656,3.25722428861526,104.729508110877
25.74000000,1228.01098632812,3.30018320290392,104.754098274792
25.74500000,1194.00634765625,3.30200612374804,104.778688438706
25.75000000,1184.302734375,3.29359678462648,104.80327860262
25.75500000,1175.22900390625,3.26543291684225,104.827868766535
25.76000000,1172.94311523438,3.27411448712511,104.852458930449
25.76500000,1166.36389160156,3.27167655135385,104.877049094363
25.77000000,1166.3359375,3.23109291944418,104.877049094363
25.77500000,1171.98010253906,3.33418742804027,104.901639258277
25.78000000,1185.57800292969,3.25753034704787,104.926229422192
25.78500000,1212.07531738281,3.21746166854017,104.950819586106
25.79000000,1228.01794433594,3.31027132781557,104.97540975002
25.79500000,1232.19921875,3.22376500396861,104.999999913934
25.80000000,1224.98449707031,3.36537437808438,105.024590077849
25.80500000,1208.90747070312,3.30812748785468,105.049180241763
25.81000000,1189.59973144531,3.28212658561091,105.073770405677
25.81500000,1176.07312011719,3.32158072297993,105.098360569592
25.82000000,1174.20861816406,3.29937820571342,105.122950733506
25.82500000,1160.322265625,3.28453790178748,105.14754089742
25.83000000,1151.7119140625,3.30642788839555,105.172131061334
25.83500000,1140.23193359375,3.27746178716353,105.196721225249
25.84000000,1128.58679199219,3.28862451210514,105.221311389163
25.84500000,1117.30285644531,3.31350480984236,105.245901553077
25.85000000,1122.70190429688,3.33731527585873,105.270491716991
25.85500000,1134.35974121094,3.29416351661546,105.295081880906
25.86000000,1136.08288574219,3.34404663324567,105.31967204482
25.86500000,1137.068359375,3.35586220503175,105.344262208734
25.87000000,1129.16638183594,3.45144405443911,105.368852372648
25.87500000,1114.8349609375,3.3848854417193,105.393442536563
25.88000000,1089.32727050781,3.37378338377643,105.418032700477
25.88500000,1086.96008300781,3.37982749711264,105.442622864391
25.89000000,1106.64172363281,3.40825808181211,105.467213028306
25.89500000,1118.19311523438,3.40905321732842,105.49180319222
25.90000000,1126.3779296875,3.34537799944923,105.516393356134
25.90500000,1138.08605957031,3.31276279175733,105.540983520048
25.91000000,1141.81091308594,3.33189023109638,105.565573683963
25.91500000,1127.09460449219,3.30439200884164,105.590163847877
25.92000000,1115.49841308594,3.3047972990878,105.614754011791
25.92500000,1108.70788574219,3.30317470285309,105.639344175705
25.93000000,1102.24340820312,3.30690299435133,105.66393433962
25.93500000,1108.96264648438,3.31480052587002,105.688524503534
25.94000000,1115.30798339844,3.32090798769859,105.713114667448
25.94500000,1128.79956054688,3.30140498786266,105.737704831363
25.95000000,1133.42175292969,3.33978969047274,105.762294995277
25.95500000,1151.94714355469,3.38667445352864,105.786885159191
25.96000000,1170.56762695312,3.3765454994497,105.811475323105
25.96500000,1180.14807128906,3.36409960540834,105.83606548702
25.97000000,1204.59887695312,3.34352840817579,105.860655650934
25.97500000,1211.65258789062,3.34754955738846,105.885245814848
25.98000000,1202.26953125,3.31680332797296,105.909835978762
25.98500000,1201.40161132812,3.34550104602565,105.934426142677
25.99000000,1232.06481933594,3.28400393602608,105.959016306591
25.99500000,1264.08447265625,3.17435201204442,105.983606470505
26.00000000,1283.24255371094,3.18069121491179,106.00819663442
26.00500000,1296.9384765625,3.17415864227598,106.032786798334
26.01000000,1313.6103515625,3.18327725415074,106.057376962248
26.01500000,1320.44287109375,3.24105879434975,106.081967126162
26.02000000,1305.2001953125,3.18022281234891,106.106557290077
26.02500000,1283.05358886719,3.18974022311549,106.131147453991
26.03000000,1260.65075683594,3.25636197280202,106.155737617905
26.03500000,1270.07434082031,3.20092417208001,106.180327781819
26.04000000,1300.96997070312,3.25857006235967,106.204917945734
26.04500000,1320.73413085938,3.28349878840042,106.229508109648
26.05000000,1319.18591308594,3.27899932851057,106.254098273562
26.05500000,1303.34545898438,3.35633456325611,106.278688437476
26.06000000,1300.14685058594,3.2914906993874,106.303278601391
26.06500000,1294.12060546875,3.37046213695261,106.327868765305
26.07000000,1293.16174316406,3.24845425298882,106.352458929219
26.07500000,1284.69409179688,3.3056870741129,106.377049093134
26.08000000,1281.73071289062,3.26994292008074,106.401639257048
26.08500000,1287.50354003906,3.37357201688142,106.426229420962
26.09000000,1286.97448730469,3.20590602136744,106.450819584876
26.09500000,1283.55883789062,3.27599381317923,106.475409748791
26.10000000,1267.41052246094,3.26870463917296,106.475409748791
26.10500000,1263.01220703125,3.32720290257674,106.499999912705
26.11000000,1263.04724121094,3.33530327636136,106.524590076619
26.11500000,1265.04895019531,3.31878357425617,106.549180240533
26.12000000,1256.748046875,3.336529529606,106.573770404448
26.12500000,1244.66186523438,3.36015821711391,106.598360568362
26.13000000,1234.55090332031,3.37259006246108,106.622950732276
26.13500000,1227.84155273438,3.38637884482114,106.647540896191
26.14000000,1242.89953613281,3.39306091534135,106.672131060105
26.14500000,1255.39294433594,3.3464293955665,106.696721224019
26.15000000,1273.96166992188,3.36866080652184,106.721311387933
26.15500000,1276.23217773438,3.36255692249654,106.745901551848
26.16000000,1264.99291992188,3.30505721794797,106.770491715762
26.16500000,1257.271484375,3.38438420592554,106.795081879676
26.17000000,1263.78356933594,3.39039458594113,106.81967204359
26.17500000,1281.21411132812,3.38895910530682,106.844262207505
26.18000000,1277.59143066406,3.38103332586364,106.893442535333
26.18500000,1276.06420898438,3.37353947234171,106.918032699248
26.19000000,1280.93286132812,3.40444127013478,106.942622863162
26.19500000,1291.87243652344,3.37884343970475,106.967213027076
26.20000000,1296.72143554688,3.49169838533174,106.99180319099
26.20500000,1292.56958007812,3.41629613038578,107.016393354905
26.21000000,1281.23791503906,3.39185508722923,107.040983518819
26.21500000,1256.06481933594,3.47745325408712,107.065573682733
26.22000000,1244.92785644531,3.39518932621981,107.090163846647
26.22500000,1233.22106933594,3.49392714191775,107.114754010562
26.23000000,1242.00366210938,3.37729185873478,107.139344174476
26.23500000,1235.06042480469,3.3387379686501,107.16393433839
26.24000000,1211.10388183594,3.3565582273901,107.188524502304
26.24500000,1189.98046875,3.31025986797351,107.213114666219
26.25000000,1173.22729492188,3.30336385444678,107.237704830133
26.25500000,1173.44702148438,3.3195770702084,107.262294994047
26.26000000,1172.0556640625,3.28711149313544,107.286885157962
26.26500000,1181.95104980469,3.28367853834955,107.311475321876
26.27000000,1195.42150878906,3.27100564638802,107.33606548579
26.27500000,1224.26220703125,3.34803358505319,107.360655649704
26.28000000,1254.48864746094,3.25629439074363,107.385245813619
26.28500000,1282.81701660156,3.33181439524746,107.409835977533
26.29000000,1298.88000488281,3.28570246752303,107.434426141447
26.29500000,1292.94055175781,3.40278168702509,107.459016305361
26.30000000,1300.197265625,3.25656418932313,107.483606469276
26.30500000,1294.19482421875,3.31647029523809,107.50819663319
26.31000000,1295.35656738281,3.28739413717247,107.50819663319
26.31500000,1287.87451171875,3.33987851026365,107.532786797104
26.32000000,1275.59802246094,3.34537349229041,107.557376961019
26.32500000,1266.52856445312,3.26055476508985,107.581967124933
26.33000000,1260.62268066406,3.29522690075915,107.606557288847
26.33500000,1255.947265625,3.33015000362508,107.631147452761
26.34000000,1247.43908691406,3.29899069353139,107.655737616676
26.34500000,1246.02392578125,3.30460119536771,107.68032778059
26.35000000,1240.94958496094,3.34075040567571,107.704917944504
26.35500000,1239.04992675781,3.30799571066377,107.729508108418
26.36000000,1242.55651855469,3.33571349602193,107.754098272333
26.36500000,1236.60583496094,3.32532507756936,107.778688436247
26.37000000,1218.73010253906,3.28679838116869,107.803278600161
26.37500000,1206.23107910156,3.32193242143405,107.827868764076
26.38000000,1233.41430664062,3.31687227201771,107.85245892799
26.38500000,1257.04052734375,3.29178229361122,107.877049091904
26.39000000,1259.73803710938,3.28977996783044,107.901639255818
26.39500000,1248.75219726562,3.27300672662445,107.926229419733
26.40000000,1243.46923828125,3.27538039584177,107.950819583647
26.40500000,1237.86291503906,3.24174608562115,107.975409747561
26.41000000,1228.45043945312,3.30657921120037,107.999999911475
26.41500000,1228.98376464844,3.27766319554129,108.02459007539
26.42000000,1217.17346191406,3.21622288208919,108.049180239304
26.42500000,1186.58166503906,3.26365408481315,108.073770403218
26.43000000,1153.8466796875,3.24553249957203,108.098360567132
26.43500000,1143.49499511719,3.31000851708866,108.122950731047
26.44000000,1135.669921875,3.30954845717942,108.147540894961
26.44500000,1127.76086425781,3.23353804784794,108.172131058875
26.45000000,1127.51452636719,3.273939370006,108.19672122279
26.45500000,1117.42883300781,3.2794990552936,108.221311386704
26.46000000,1104.94091796875,3.25568198286259,108.245901550618
26.46500000,1090.20910644531,3.30875524030206,108.270491714532
26.47000000,1099.42565917969,3.30853294335035,108.295081878447
26.47500000,1103.67272949219,3.30269845788205,108.319672042361
26.48000000,1112.64001464844,3.32192882310583,108.344262206275
26.48500000,1136.50146484375,3.32283408801848,108.368852370189
26.49000000,1154.72302246094,3.34999531219628,108.393442534104
26.49500000,1159.76940917969,3.30919416471337,108.418032698018
26.50000000,1156.80456542969,3.33720344910931,108.442622861932
26.50500000,1158.23791503906,3.32112714772928,108.467213025847
26.51000000,1141.77600097656,3.33233761980957,108.491803189761
26.51500000,1135.74133300781,3.22346469463966,108.516393353675
26.52000000,1137.21252441406,3.25240762692915,108.540983517589
26.52500000,1127.69091796875,3.24966700634362,108.565573681504
26.53000000,1108.5791015625,3.28625493820339,108.590163845418
26.53500000,1105.59460449219,3.28232529307088,108.614754009332
26.54000000,1114.83911132812,3.22731716126418,108.639344173246
26.54500000,1118.849609375,3.26611819629484,108.663934337161
26.55000000,1147.66223144531,3.3073161722397,108.688524501075
26.55500000,1169.25463867188,3.28808196968232,108.713114664989
26.56000000,1178.93298339844,3.31391530978412,108.737704828904
26.56500000,1182.58935546875,3.35942371637849,108.762294992818
26.57000000,1209.77258300781,3.37976133486499,108.786885156732
26.57500000,1240.44421386719,3.41173346751668,108.811475320646
26.58000000,1257.80200195312,3.39158023673233,108.836065484561
26.58500000,1276.1943359375,3.34831358899786,108.860655648475
26.59000000,1284.68859863281,3.39157751559228,108.885245812389
26.59500000,1288.05517578125,3.35759731712721,108.909835976303
26.60000000,1280.71447753906,3.33578664257285,108.934426140218
26.60500000,1290.90100097656,3.28822423359624,108.959016304132
26.61000000,1287.26428222656,3.29027029229157,108.983606468046
26.61500000,1269.38000488281,3.30239557021031,109.00819663196
26.62000000,1245.9609375,3.2736810816762,109.032786795875
26.62500000,1223.69384765625,3.38653161629089,109.057376959789
26.63000000,1218.80432128906,3.31238693868374,109.081967123703
26.63500000,1219.72961425781,3.28374852072792,109.106557287618
26.64000000,1220.19152832031,3.3772219657632,109.131147451532
26.64500000,1202.21350097656,3.26521794823468,109.155737615446
26.65000000,1196.39440917969,3.42008536889926,109.18032777936
26.65500000,1205.87963867188,3.30452257756788,109.204917943275
26.66000000,1213.10412597656,3.27526519567709,109.229508107189
26.66500000,1229.06506347656,3.3629003271736,109.254098271103
26.67000000,1239.60986328125,3.28438947117085,109.254098271103
26.67500000,1250.75817871094,3.31695372837891,109.278688435017
26.68000000,1244.80749511719,3.32886681924542,109.303278598932
26.68500000,1238.39489746094,3.32034552668012,109.327868762846
26.69000000,1221.99304199219,3.32372119666178,109.35245892676
26.69500000,1208.7451171875,3.31162996492402,109.377049090675
26.70000000,1193.39038085938,3.37413628138781,109.401639254589
26.70500000,1186.79577636719,3.29628326909233,109.426229418503
26.71000000,1192.46508789062,3.38213473645474,109.450819582417
26.71500000,1190.66918945312,3.31467216540099,109.475409746332
26.72000000,1195.23962402344,3.44991648073131,109.499999910246
26.72500000,1196.60864257812,3.28618529565173,109.52459007416
26.73000000,1199.02893066406,3.31664527474619,109.549180238074
26.73500000,1193.56115722656,3.31196318636057,109.573770401989
26.74000000,1190.16943359375,3.3395133204505,109.598360565903
26.74500000,1187.12902832031,3.30357081608246,109.622950729817
26.75000000,1182.48718261719,3.22635870297241,109.647540893732
26.75500000,1192.7548828125,3.27289539135078,109.672131057646
26.76000000,1202.01611328125,3.29593518151053,109.69672122156
26.76500000,1214.57543945312,3.27796210872234,109.721311385474
26.77000000,1208.12219238281,3.26732877322311,109.745901549389
26.77500000,1201.21264648438,3.28750944001188,109.770491713303
26.78000000,1187.17932128906,3.28642125804166,109.795081877217
26.78500000,1172.50354003906,3.3002038576089,109.819672041131
26.79000000,1163.45227050781,3.31934271310631,109.844262205046
26.79500000,1138.69641113281,3.30282156286143,109.86885236896
26.80000000,1106.53393554688,3.35027451923763,109.893442532874
26.80500000,1075.64538574219,3.38028698894969,109.918032696789
26.81000000,1063.64038085938,3.3777189825839,109.942622860703
26.81500000,1064.63427734375,3.38465823088259,109.967213024617
26.82000000,1075.55712890625,3.37799582828226,109.991803188531
26.82500000,1084.43200683594,3.39941770429938,110.016393352446
26.83000000,1075.54309082031,3.37006703270393,110.04098351636
26.83500000,1075.69848632812,3.42159226164631,110.065573680274
26.84000000,1083.00561523438,3.37290386109867,110.090163844188
26.84500000,1111.96520996094,3.29364049453997,110.114754008103
26.85000000,1135.03161621094,3.33600551282867,110.139344172017
26.85500000,1166.18054199219,3.26032138449511,110.163934335931
26.86000000,1194.81408691406,3.32956713092968,110.188524499845
26.86500000,1212.41687011719,3.29532652500052,110.21311466376
26.87000000,1216.65832519531,3.24702572706867,110.237704827674
26.87500000,1203.63708496094,3.2862005357413,110.262294991588
26.88000000,1191.04284667969,3.27231891165596,110.286885155503
26.88500000,1177.76831054688,3.2423756283065,110.311475319417
26.89000000,1186.38427734375,3.27414674088323,110.336065483331
26.89500000,1198.13720703125,3.28840850784508,110.360655647245
26.90000000,1193.92236328125,3.29651133804155,110.38524581116
26.90500000,1186.26672363281,3.30763513492549,110.409835975074
26.91000000,1170.24426269531,3.3551325371347,110.434426138988
26.91500000,1159.66162109375,3.34903497789919,110.459016302902
26.92000000,1162.50463867188,3.33781820563275,110.483606466817
26.92500000,1188.89416503906,3.36837214713781,110.508196630731
26.93000000,1213.83630371094,3.42345469697736,110.532786794645
26.93500000,1235.6259765625,3.43363211378187,110.55737695856
26.94000000,1251.06323242188,3.39670842944971,110.581967122474
26.94500000,1264.92443847656,3.41377039357879,110.606557286388
26.95000000,1295.61840820312,3.45065883721322,110.631147450302
26.95500000,1321.00842285156,3.4382587210035,110.655737614217
26.96000000,1338.74291992188,3.38073719768178,110.680327778131
26.96500000,1335.50646972656,3.37923208525328,110.704917942045
26.97000000,1321.85815429688,3.4086260545853,110.729508105959
26.97500000,1295.36645507812,3.38824802071226,110.754098269874
26.98000000,1273.07421875,3.36896590671351,110.778688433788
26.98500000,1261.560546875,3.38699063644327,110.803278597702
26.99000000,1256.42321777344,3.38386542154489,110.827868761616
26.99500000,1254.46484375,3.40310157613961,110.852458925531
27.00000000,1242.75256347656,3.41426555331088,110.877049089445
27.00500000,1224.02844238281,3.37338286915198,110.901639253359
27.01000000,1209.80615234375,3.43352827091104,110.926229417274
27.01500000,1207.67004394531,3.48171222882036,110.950819581188
27.02000000,1217.47729492188,3.47647959107462,110.975409745102
27.02500000,1222.10363769531,3.47699054656223,110.999999909016
27.03000000,1228.10754394531,3.47988870196901,111.024590072931
27.03500000,1233.58081054688,3.47518702707216,111.049180236845
27.04000000,1242.1240234375,3.42030491583436,111.073770400759
27.04500000,1235.68615722656,3.44739363042185,111.122950728588
27.05000000,1227.77160644531,3.47446423395905,111.147540892502
27.05500000,1217.91674804688,3.38032165850049,111.172131056416
27.06000000,1210.44592285156,3.46997621452751,111.196721220331
27.06500000,1210.57604980469,3.34642056923182,111.221311384245
27.07000000,1203.06457519531,3.50642921660226,111.245901548159
27.07500000,1199.15625,3.37731107222046,111.270491712073
27.08000000,1197.44006347656,3.37672765381738,111.295081875988
27.08500000,1200.58837890625,3.43302180841319,111.319672039902
27.09000000,1189.65148925781,3.36392289077108,111.344262203816
27.09500000,1163.36547851562,3.3964239563169,111.36885236773
27.10000000,1146.10559082031,3.38414888452586,111.393442531645
27.10500000,1129.73046875,3.39020549026574,111.418032695559
27.11000000,1128.33203125,3.38065444719971,111.442622859473
27.11500000,1116.58190917969,3.34425974201085,111.467213023388
27.12000000,1099.11059570312,3.41211278680446,111.491803187302
27.12500000,1086.36376953125,3.29602794232429,111.516393351216
27.13000000,1080.8037109375,3.36777929744125,111.54098351513
27.13500000,1089.68701171875,3.33207580099128,111.565573679045
27.14000000,1093.26501464844,3.42348764934587,111.590163842959
27.14500000,1092.86181640625,3.30454482356607,111.614754006873
27.15000000,1082.68225097656,3.32035398585506,111.639344170787
27.15500000,1088.83447265625,3.35722578323125,111.663934334702
27.16000000,1095.83923339844,3.42064340461604,111.688524498616
27.16500000,1109.78015136719,3.39787549083643,111.71311466253
27.17000000,1115.875,3.3382101414153,111.737704826445
27.17500000,1114.58715820312,3.33098797989674,111.762294990359
27.18000000,1120.33337402344,3.32244613239594,111.786885154273
27.18500000,1112.677734375,3.31673430198509,111.811475318187
27.19000000,1101.09558105469,3.32202931026564,111.836065482102
27.19500000,1086.82580566406,3.34234354339852,111.860655646016
27.20000000,1073.95568847656,3.31849109695531,111.88524580993
27.20500000,1070.68579101562,3.33174328833124,111.909835973844
27.21000000,1077.61352539062,3.32649548064237,111.934426137759
27.21500000,1101.20483398438,3.29975157999112,111.959016301673
27.22000000,1119.20520019531,3.35918481644892,111.983606465587
27.22500000,1142.13427734375,3.3519138987178,112.008196629501
27.23000000,1155.74621582031,3.34017141412271,112.032786793416
27.23500000,1180.77661132812,3.31666026908451,112.05737695733
27.24000000,1191.59301757812,3.29737425703259,112.081967121244
27.24500000,1186.35205078125,3.30460544284292,112.106557285159
27.25000000,1166.97424316406,3.23851616271741,112.131147449073
27.25500000,1147.27172851562,3.30167750073606,112.155737612987
27.26000000,1133.41760253906,3.21062303386367,112.180327776901
27.26500000,1121.2138671875,3.16596765238921,112.180327776901
27.27000000,1129.26574707031,3.25808743017712,112.204917940816
27.27500000,1146.78881835938,3.16752074741481,112.22950810473
27.28000000,1155.56567382812,3.28703434174724,112.254098268644
27.28500000,1171.3193359375,3.22121239396976,112.278688432558
27.29000000,1190.29113769531,3.1857510659267,112.303278596473
27.29500000,1214.63562011719,3.24637054777265,112.327868760387
27.30000000,1240.19921875,3.24908545011547,112.352458924301
27.30500000,1272.49743652344,3.24699155054454,112.377049088216
27.31000000,1293.76916503906,3.28262555122618,112.40163925213
27.31500000,1297.88610839844,3.2946541882246,112.426229416044
27.32000000,1287.0234375,3.31349816112058,112.450819579958
27.32500000,1267.25366210938,3.29675966185486,112.475409743873
27.33000000,1244.46728515625,3.32172558525792,112.499999907787
27.33500000,1216.3349609375,3.28993735332992,112.524590071701
27.34000000,1203.60217285156,3.28758742801106,112.549180235615
27.34500000,1196.32727050781,3.28062774865989,112.57377039953
27.35000000,1195.6455078125,3.29213654776738,112.598360563444
27.35500000,1192.95227050781,3.26374140003788,112.622950727358
27.36000000,1207.59167480469,3.17209220315945,112.647540891273
27.36500000,1232.19921875,3.1846165655819,112.672131055187
27.37000000,1268.29931640625,3.21067383028129,112.696721219101
27.37500000,1307.12780761719,3.24321357155316,112.721311383015
27.38000000,1325.10290527344,3.2613386639749,112.74590154693
27.38500000,1338.19128417969,3.25696478687174,112.770491710844
27.39000000,1331.02282714844,3.28791757493446,112.795081874758
27.39500000,1320.30297851562,3.31442097311691,112.819672038672
27.40000000,1308.44360351562,3.2775959715387,112.844262202587
27.40500000,1301.58728027344,3.29907659915754,112.868852366501
27.41000000,1271.71630859375,3.32258745992895,112.893442530415
27.41500000,1247.57214355469,3.34677155025479,112.918032694329
27.42000000,1253.25817871094,3.34652884664463,112.942622858244
27.42500000,1250.99328613281,3.3596101426508,112.967213022158
27.43000000,1241.90563964844,3.31332133122845,112.991803186072
27.43500000,1232.21325683594,3.34077781059467,113.016393349987
27.44000000,1229.69494628906,3.32217201793786,113.040983513901
27.44500000,1215.10168457031,3.3165391393612,113.065573677815
27.45000000,1198.88330078125,3.30388605071997,113.090163841729
27.45500000,1185.4814453125,3.32017218316709,113.114754005644
27.46000000,1154.92456054688,3.32848609857806,113.139344169558
27.46500000,1129.25866699219,3.29002714734082,113.163934333472
27.47000000,1110.83422851562,3.37171808160911,113.188524497386
27.47500000,1114.39672851562,3.28692979096216,113.213114661301
27.48000000,1125.06481933594,3.24569247207373,113.237704825215
27.48500000,1150.29809570312,3.34375395475536,113.262294989129
27.49000000,1181.37707519531,3.23276034791445,113.262294989129
27.49500000,1217.98120117188,3.39152165150666,113.286885153044
27.50000000,1252.59191894531,3.2614777349009,113.311475316958
27.50500000,1280.05932617188,3.23456831798868,113.336065480872
27.51000000,1294.40051269531,3.28738605300267,113.360655644786
27.51500000,1283.2705078125,3.2510891917133,113.385245808701
27.52000000,1268.33581542969,3.23199487064503,113.409835972615
27.52500000,1234.74694824219,3.29183705442245,113.434426136529
27.53000000,1219.41882324219,3.27103006729358,113.459016300443
27.53500000,1201.40576171875,3.28597052093219,113.483606464358
27.54000000,1188.0234375,3.27508114642764,113.508196628272
27.54500000,1182.80493164062,3.34580910084618,113.532786792186
27.55000000,1179.53491210938,3.28459739543328,113.557376956101
27.55500000,1176.34326171875,3.32550040766924,113.581967120015
27.56000000,1164.02624511719,3.32348366672642,113.606557283929
27.56500000,1152.84436035156,3.41926708117166,113.631147447843
27.57000000,1151.80017089844,3.34862364730089,113.655737611758
27.57500000,1160.23974609375,3.3352259330976,113.680327775672
27.58000000,1179.5810546875,3.32996897528222,113.704917939586
27.58500000,1207.21789550781,3.3359069632457,113.7295081035
27.59000000,1232.30700683594,3.32604741158243,113.754098267415
27.59500000,1241.46606445312,3.22415958370796,113.778688431329
27.60000000,1244.69689941406,3.18776630777625,113.803278595243
27.60500000,1246.23669433594,3.19339205621656,113.827868759157
27.61000000,1262.06311035156,3.18750722866391,113.852458923072
27.61500000,1274.89392089844,3.19393028356696,113.877049086986
27.62000000,1279.36499023438,3.24312308018064,113.9016392509
27.62500000,1272.17407226562,3.27240134771023,113.926229414815
27.63000000,1250.50341796875,3.26813775368456,113.950819578729
27.63500000,1237.52551269531,3.29360065716978,113.975409742643
27.64000000,1216.9453125,3.27932125560351,113.999999906557
27.64500000,1202.31286621094,3.28954886993485,114.024590070472
27.65000000,1177.89855957031,3.32836263476355,114.049180234386
27.65500000,1164.7373046875,3.31403554926034,114.0737703983
27.66000000,1148.54272460938,3.2857206071623,114.098360562214
27.66500000,1132.23754882812,3.28029608979594,114.122950726129
27.67000000,1125.09704589844,3.28044609653015,114.147540890043
27.67500000,1130.10424804688,3.27897179166403,114.172131053957
27.68000000,1147.99255371094,3.23591975398895,114.196721217872
27.68500000,1159.93029785156,3.29723274220417,114.221311381786
27.69000000,1175.6826171875,3.22134353116936,114.2459015457
27.69500000,1190.41857910156,3.21025598704786,114.270491709614
27.70000000,1212.41540527344,3.31014711437683,114.295081873529
27.70500000,1232.41345214844,3.22348391438754,114.319672037443
27.71000000,1252.52893066406,3.37151191302073,114.344262201357
27.71500000,1276.9208984375,3.26552153857131,114.368852365271
27.72000000,1270.99829101562,3.23249146226158,114.368852365271
27.72500000,1261.04541015625,3.31025361585662,114.393442529186
27.73000000,1233.04614257812,3.25787589546848,114.4180326931
27.73500000,1195.49438476562,3.27117123885543,114.442622857014
27.74000000,1154.70336914062,3.31659622258529,114.467213020929
27.74500000,1120.04223632812,3.28519443234057,114.491803184843
27.75000000,1102.82153320312,3.3275044824703,114.516393348757
27.75500000,1088.76306152344,3.28760329596864,114.540983512671
27.76000000,1072.30810546875,3.35570406437963,114.565573676586
27.76500000,1051.84411621094,3.28648263559261,114.5901638405
27.77000000,1048.91284179688,3.36923312328007,114.614754004414
27.77500000,1063.64599609375,3.33484750119704,114.639344168328
27.78000000,1100.91223144531,3.43659039075801,114.663934332243
27.78500000,1142.79504394531,3.31660764915114,114.688524496157
27.79000000,1176.76184082031,3.31184058667837,114.713114660071
27.79500000,1206.19885253906,3.3050554340754,114.737704823985
27.80000000,1225.7431640625,3.35614453903052,114.7622949879
27.80500000,1251.44543457031,3.30850234309887,114.786885151814
27.81000000,1271.38317871094,3.27101156806919,114.811475315728
27.81500000,1283.34045410156,3.2631005912371,114.836065479643
27.82000000,1276.92932128906,3.30902896077524,114.860655643557
27.82500000,1263.0751953125,3.30035389468518,114.885245807471
27.83000000,1256.93835449219,3.30052820432054,114.909835971385
27.83500000,1227.173828125,3.29536956765166,114.9344261353
27.84000000,1194.07214355469,3.27046808856885,114.959016299214
27.84500000,1164.50073242188,3.27604696862835,114.983606463128
27.85000000,1143.74975585938,3.31189278587684,115.008196627042
27.85500000,1134.4296875,3.29092033510668,115.032786790957
27.86000000,1152.42028808594,3.32509452775319,115.057376954871
27.86500000,1200.17822265625,3.34050924479868,115.081967118785
27.87000000,1258.96105957031,3.30789698970929,115.1065572827
27.87500000,1311.57788085938,3.27533790302008,115.131147446614
27.88000000,1344.5703125,3.25446856196528,115.155737610528
27.88500000,1378.74438476562,3.25149616883777,115.180327774442
27.89000000,1403.43591308594,3.22262285032423,115.204917938357
27.89500000,1412.40600585938,3.22095986626315,115.229508102271
27.90000000,1407.21960449219,3.23024117839649,115.254098266185
27.90500000,1395.21752929688,3.17153539400813,115.278688430099
27.91000000,1390.79968261719,3.19593267984135,115.303278594014
27.91500000,1372.65930175781,3.260832801676,115.327868757928
27.92000000,1346.09057617188,3.23019475955543,115.352458921842
27.92500000,1312.73828125,3.33078486103881,115.377049085757
27.93000000,1293.53125,3.23181488134676,115.401639249671
27.93500000,1284.3232421875,3.22733610964703,115.426229413585
27.94000000,1284.39318847656,3.28484559899747,115.450819577499
27.94500000,1272.71716308594,3.22335311409352,115.475409741414
27.95000000,1249.77819824219,3.24415774244432,115.499999905328
27.95500000,1240.62622070312,3.26123950001425,115.524590069242
27.96000000,1249.99658203125,3.20820385329263,115.524590069242
27.96500000,1279.27404785156,3.25384966414735,115.549180233156
27.97000000,1303.98791503906,3.15587071252314,115.573770397071
27.97500000,1330.39147949219,3.24771689454962,115.598360560985
27.98000000,1361.21435546875,3.16187481618279,115.622950724899
27.98500000,1384.36743164062,3.21174674603811,115.647540888813
27.99000000,1399.91247558594,3.18892324260062,115.672131052728
27.99500000,1401.02258300781,3.28606339945794,115.696721216642
28.00000000,1399.31201171875,3.26871079433165,115.721311380556
28.00500000,1374.63586425781,3.2698467940181,115.745901544471
28.01000000,1350.15844726562,3.30795349893519,115.770491708385
28.01500000,1342.91296386719,3.33898546931428,115.795081872299
28.02000000,1330.90661621094,3.34859404448876,115.819672036213
28.02500000,1325.29052734375,3.31392875316052,115.844262200128
28.03000000,1321.34582519531,3.28053000757098,115.868852364042
28.03500000,1326.3095703125,3.32333175756206,115.893442527956
28.04000000,1320.79846191406,3.32090535338152,115.91803269187
28.04500000,1326.11926269531,3.32829567822256,115.942622855785
28.05000000,1340.50390625,3.35132839610699,115.967213019699
28.05500000,1351.00390625,3.33543943658776,115.991803183613
28.06000000,1348.17492675781,3.33657253591634,116.016393347528
28.06500000,1345.72802734375,3.32147297166335,116.040983511442
28.07000000,1357.02880859375,3.27916740198571,116.065573675356
28.07500000,1356.71240234375,3.28289488937641,116.09016383927
28.08000000,1362.265625,3.30728603694381,116.114754003185
28.08500000,1366.72119140625,3.30594688558845,116.139344167099
28.09000000,1361.84558105469,3.29296061307855,116.163934331013
28.09500000,1348.42126464844,3.2833431862153,116.188524494927
28.10000000,1328.9287109375,3.30046725489152,116.213114658842
28.10500000,1311.04028320312,3.30180590001192,116.237704822756
28.11000000,1292.53039550781,3.30905572757366,116.26229498667
28.11500000,1294.0771484375,3.33385739343683,116.286885150585
28.12000000,1304.04260253906,3.28325396935815,116.311475314499
28.12500000,1319.31884765625,3.29657163317871,116.336065478413
28.13000000,1338.25158691406,3.31931227919864,116.360655642327
28.13500000,1353.548828125,3.27476421312179,116.385245806242
28.14000000,1358.56860351562,3.33114156143163,116.409835970156
28.14500000,1356.00695800781,3.22760341526753,116.43442613407
28.15000000,1370.95153808594,3.22413498164897,116.459016297984
28.15500000,1390.67932128906,3.27125987549638,116.483606461899
28.16000000,1404.75732421875,3.21992642272743,116.508196625813
28.16500000,1400.41369628906,3.2230818193465,116.532786789727
28.17000000,1381.52294921875,3.27513899400019,116.557376953642
28.17500000,1363.11108398438,3.24727724630654,116.581967117556
28.18000000,1336.0341796875,3.30166965339311,116.60655728147
28.18500000,1320.62634277344,3.26559863081595,116.631147445384
28.19000000,1314.14367675781,3.30854943512554,116.655737609299
28.19500000,1310.58251953125,3.22907699133742,116.655737609299
28.20000000,1313.49560546875,3.30125989213582,116.680327773213
28.20500000,1312.57165527344,3.26964095322642,116.704917937127
28.21000000,1325.84765625,3.3967474982857,116.729508101041
28.21500000,1323.82214355469,3.24651916960586,116.754098264956
28.22000000,1316.94055175781,3.27032273751498,116.77868842887
28.22500000,1307.35595703125,3.24932183511332,116.803278592784
28.23000000,1313.53198242188,3.28762085576844,116.827868756698
28.23500000,1320.68371582031,3.28660416393308,116.852458920613
28.24000000,1321.23937988281,3.22792097290704,116.877049084527
28.24500000,1316.74182128906,3.25755981022448,116.901639248441
28.25000000,1307.39929199219,3.27451107192118,116.926229412356
28.25500000,1316.18041992188,3.27968238487006,116.95081957627
28.26000000,1328.8642578125,3.27701422113062,116.975409740184
28.26500000,1339.06628417969,3.31398080461429,116.999999904098
28.27000000,1332.29809570312,3.33177162569345,117.024590068013
28.27500000,1297.46057128906,3.34704038407896,117.049180231927
28.28000000,1260.09643554688,3.35380694948709,117.073770395841
28.28500000,1230.22961425781,3.32841008461731,117.098360559755
28.29000000,1222.00842285156,3.35664705638716,117.12295072367
28.29500000,1222.84558105469,3.37643245323584,117.147540887584
28.30000000,1237.1083984375,3.37045692794842,117.172131051498
28.30500000,1255.79052734375,3.34824468587519,117.196721215413
28.31000000,1268.48559570312,3.32761872729213,117.221311379327
28.31500000,1280.49743652344,3.33337670547462,117.245901543241
28.32000000,1302.38513183594,3.31504302713114,117.270491707155
28.32500000,1318.32080078125,3.37526040967244,117.29508187107
28.33000000,1326.26623535156,3.3519856377405,117.319672034984
28.33500000,1340.123046875,3.29836259723296,117.344262198898
28.34000000,1352.01745605469,3.37658568731824,117.368852362812
28.34500000,1362.36352539062,3.35484975132229,117.393442526727
28.35000000,1364.59631347656,3.45339360096045,117.418032690641
28.35500000,1364.54028320312,3.4235226120152,117.442622854555
28.36000000,1362.54833984375,3.35648066921762,117.46721301847
28.36500000,1362.72607421875,3.39783574052593,117.491803182384
28.37000000,1375.73327636719,3.3533138537949,117.516393346298
28.37500000,1375.29650878906,3.33655096441277,117.540983510212
28.38000000,1350.98999023438,3.37334535615192,117.565573674127
28.38500000,1314.70642089844,3.34628833037808,117.590163838041
28.39000000,1286.78833007812,3.35949083323312,117.614754001955
28.39500000,1270.15698242188,3.3376726497949,117.639344165869
28.40000000,1252.03051757812,3.38532988702152,117.663934329784
28.40500000,1245.60815429688,3.35122248799054,117.688524493698
28.41000000,1242.24291992188,3.38511259270143,117.713114657612
28.41500000,1256.06909179688,3.36793058854031,117.737704821526
28.42000000,1273.69714355469,3.46802928516562,117.762294985441
28.42500000,1297.904296875,3.38269867507327,117.786885149355
28.43000000,1311.23486328125,3.37886906236066,117.811475313269
28.43500000,1309.48229980469,3.38182556530344,117.836065477184
28.44000000,1305.70690917969,3.43909395806265,117.860655641098
28.44500000,1303.71923828125,3.43018224096902,117.885245805012
28.45000000,1318.13037109375,3.37971328633099,117.909835968926
28.45500000,1321.65515136719,3.37232170328804,117.934426132841
28.46000000,1313.45776367188,3.40091679896755,117.959016296755
28.46500000,1304.15734863281,3.35462063039895,117.983606460669
28.47000000,1308.02368164062,3.33707485766995,118.008196624583
28.47500000,1321.79235839844,3.3517187279455,118.032786788498
28.48000000,1325.14916992188,3.31610471628339,118.057376952412
28.48500000,1324.8818359375,3.34892417858481,118.081967116326
28.49000000,1317.83923339844,3.36993100686585,118.106557280241
28.49500000,1315.31677246094,3.33840061373714,118.131147444155
28.50000000,1305.7265625,3.38025445766346,118.155737608069
28.50500000,1311.50366210938,3.35621749197204,118.180327771983
28.51000000,1315.90051269531,3.36475096477757,118.204917935898
28.51500000,1317.09033203125,3.33800405789503,118.229508099812
28.52000000,1310.39074707031,3.33391592356718,118.254098263726
28.52500000,1305.35974121094,3.33630214192856,118.27868842764
28.53000000,1302.85412597656,3.27627715506194,118.303278591555
28.53500000,1301.48229980469,3.32573206522338,118.327868755469
28.54000000,1316.93359375,3.278369905304,118.352458919383
28.54500000,1325.1015625,3.22428155909098,118.377049083297
28.55000000,1322.50769042969,3.29604839377764,118.401639247212
28.55500000,1317.96520996094,3.23695229713003,118.426229411126
28.56000000,1313.6845703125,3.32288096889417,118.45081957504
28.56500000,1306.88562011719,3.31676883216395,118.475409738955
28.57000000,1290.51037597656,3.30195677620983,118.499999902869
28.57500000,1296.36865234375,3.34534801662257,118.524590066783
28.58000000,1301.4052734375,3.34750070357972,118.549180230697
28.58500000,1309.06799316406,3.35279100728419,118.573770394612
28.59000000,1302.91564941406,3.37354158235095,118.598360558526
28.59500000,1294.57836914062,3.34184810179601,118.62295072244
28.60000000,1292.74731445312,3.34519788173728,118.647540886354
28.60500000,1296.55212402344,3.31035292074265,118.672131050269
28.61000000,1298.6826171875,3.33200800833935,118.696721214183
28.61500000,1291.98449707031,3.29043820014849,118.721311378097
28.62000000,1279.359375,3.3257896904978,118.745901542012
28.62500000,1256.36437988281,3.32359540981227,118.770491705926
28.63000000,1251.45666503906,3.38630153482421,118.79508186984
28.63500000,1268.43798828125,3.3401533918069,118.819672033754
28.64000000,1305.67333984375,3.32448739532688,118.844262197669
28.64500000,1337.88757324219,3.3918031199976,118.868852361583
28.65000000,1344.19519042969,3.45352954897923,118.893442525497
28.65500000,1329.07287597656,3.50817346965149,118.918032689411
28.66000000,1306.71337890625,3.48225941424397,118.942622853326
28.66500000,1293.26110839844,3.51056675569232,118.96721301724
28.67000000,1288.46105957031,3.54843729183409,118.991803181154
28.67500000,1287.47277832031,3.52039855226133,119.016393345069
28.68000000,1270.49011230469,3.4938343266547,119.040983508983
28.68500000,1247.93322753906,3.50259175825467,119.065573672897
28.69000000,1226.99890136719,3.46152635746317,119.090163836811
28.69500000,1217.31909179688,3.474511787727,119.13934416464
28.70000000,1223.14794921875,3.48182056932563,119.163934328554
28.70500000,1237.98608398438,3.42529857047602,119.188524492468
28.71000000,1268.1943359375,3.51777664864418,119.213114656383
28.71500000,1295.50085449219,3.50922918476677,119.237704820297
28.72000000,1306.84924316406,3.49056564615911,119.262294984211
28.72500000,1304.49755859375,3.45857739508199,119.286885148126
28.73000000,1317.60827636719,3.4646643567624,119.31147531204
28.73500000,1332.30224609375,3.47439446480804,119.336065475954
28.74000000,1338.29357910156,3.4789427132611,119.360655639868
28.74500000,1356.72790527344,3.5102322898848,119.385245803783
28.75000000,1361.1611328125,3.43771382352838,119.409835967697
28.75500000,1349.17993164062,3.47367449126009,119.434426131611
28.76000000,1330.94580078125,3.46329402967765,119.459016295525
28.76500000,1321.72375488281,3.489522418611,119.48360645944
28.77000000,1308.44360351562,3.49684769078105,119.508196623354
28.77500000,1297.11901855469,3.42427119829909,119.532786787268
28.78000000,1291.47912597656,3.4789642031866,119.557376951182
28.78500000,1282.1044921875,3.45928403666467,119.581967115097
28.79000000,1271.47973632812,3.40360349693301,119.606557279011
28.79500000,1266.259765625,3.45496200699173,119.631147442925
28.80000000,1276.05859375,3.43019460238458,119.65573760684
28.80500000,1274.77075195312,3.4315446757141,119.680327770754
28.81000000,1274.99328613281,3.41407827237207,119.704917934668
28.81500000,1275.86962890625,3.47726133695697,119.729508098582
28.82000000,1268.82995605469,3.38579902240711,119.754098262497
28.82500000,1254.83862304688,3.42084945144356,119.778688426411
28.83000000,1234.96801757812,3.36727204396764,119.803278590325
28.83500000,1223.50073242188,3.47504439597889,119.827868754239
28.84000000,1217.22241210938,3.32814065357018,119.852458918154
28.84500000,1225.70397949219,3.32064018218102,119.877049082068
28.85000000,1235.94519042969,3.34302247054327,119.901639245982
28.85500000,1233.55004882812,3.34999922044694,119.926229409897
28.86000000,1219.83178710938,3.36116714767707,119.950819573811
28.86500000,1202.46411132812,3.32408210902575,119.975409737725
28.87000000,1188.15087890625,3.34593364131881,119.999999901639
28.87500000,1170.17712402344,3.36279206281809,120.024590065554
28.88000000,1170.36328125,3.36533430996054,120.049180229468
28.88500000,1177.79907226562,3.34959106861392,120.073770393382
28.89000000,1185.08947753906,3.39968135764215,120.098360557296
28.89500000,1179.49987792969,3.40574898790393,120.122950721211
28.90000000,1186.7734375,3.47272208610438,120.147540885125
28.90500000,1197.85729980469,3.49195547290194,120.172131049039
28.91000000,1203.90173339844,3.49728367930322,120.221311376868
28.91500000,1222.400390625,3.50658904324342,120.245901540782
28.92000000,1242.35913085938,3.5704700683157,120.270491704696
28.92500000,1261.87976074219,3.55694803215299,120.295081868611
28.93000000,1256.24548339844,3.53898514190452,120.319672032525
28.93500000,1241.38903808594,3.51984915180579,120.344262196439
28.94000000,1224.91174316406,3.48022474967423,120.368852360353
28.94500000,1203.94226074219,3.47163580139355,120.393442524268
28.95000000,1206.17077636719,3.50334253001061,120.418032688182
28.95500000,1212.80322265625,3.42165885389108,120.442622852096
28.96000000,1221.71166992188,3.44867014006707,120.46721301601
28.96500000,1223.453125,3.4569163070329,120.491803179925
28.97000000,1241.31494140625,3.50924376032879,120.516393343839
28.97500000,1257.64953613281,3.53828491003597,120.540983507753
28.98000000,1249.80908203125,3.49607954848579,120.565573671668
28.98500000,1249.91259765625,3.55962253397167,120.590163835582
28.99000000,1252.01513671875,3.54947373041791,120.614753999496
28.99500000,1251.78979492188,3.58718661060645,120.63934416341
29.00000000,1263.65051269531,3.59433628508564,120.663934327325
29.00500000,1293.59143066406,3.58111924919458,120.688524491239
29.01000000,1313.50537109375,3.56111294468145,120.737704819067
29.01500000,1323.80249023438,3.54158809242012,120.762294982982
29.02000000,1327.255859375,3.51466531581384,120.786885146896
29.02500000,1311.74719238281,3.40198912415518,120.81147531081
29.03000000,1285.89099121094,3.44150962596314,120.836065474725
29.03500000,1253.64599609375,3.39510258857156,120.860655638639
29.04000000,1229.17980957031,3.48291291926246,120.885245802553
29.04500000,1200.59387207031,3.36222995270906,120.909835966467
29.05000000,1188.24609375,3.39267519656641,120.934426130382
29.05500000,1190.07702636719,3.37634884255022,120.959016294296
29.06000000,1197.91748046875,3.43341389887233,120.98360645821
29.06500000,1211.42578125,3.38437564544493,121.008196622124
29.07000000,1226.29614257812,3.37464683677507,121.032786786039
29.07500000,1245.69641113281,3.42525454203543,121.057376949953
29.08000000,1259.11511230469,3.4044212199106,121.081967113867
29.08500000,1282.47680664062,3.41106032897153,121.106557277782
29.09000000,1313.17077636719,3.44584517866515,121.131147441696
29.09500000,1328.24975585938,3.48822202433456,121.15573760561
29.10000000,1322.05969238281,3.49012427446441,121.180327769524
29.10500000,1309.5537109375,3.49980667748374,121.204917933439
29.11000000,1300.62414550781,3.47809413103648,121.229508097353
29.11500000,1280.54223632812,3.49574533497566,121.254098261267
29.12000000,1270.4775390625,3.5148989402508,121.278688425181
29.12500000,1253.60961914062,3.50120407037928,121.303278589096
29.13000000,1228.24755859375,3.4814115902281,121.32786875301
29.13500000,1198.24780273438,3.43452438850921,121.352458916924
29.14000000,1184.61206054688,3.38864208836329,121.377049080838
29.14500000,1186.7314453125,3.34984435921557,121.401639244753
29.15000000,1187.89611816406,3.43613827604308,121.426229408667
29.15500000,1204.81579589844,3.40213733432095,121.450819572581
29.16000000,1230.12463378906,3.36289626590762,121.475409736496
29.16500000,1251.72399902344,3.44085916021276,121.49999990041
29.17000000,1258.1982421875,3.37269106491555,121.524590064324
29.17500000,1264.34350585938,3.51150092329615,121.549180228238
29.18000000,1271.5498046875,3.41600811535037,121.573770392153
29.18500000,1277.01330566406,3.39292801352212,121.598360556067
29.19000000,1288.43310546875,3.46217340272703,121.622950719981
29.19500000,1293.73425292969,3.41846065870847,121.647540883895
29.20000000,1284.16638183594,3.4060082568908,121.67213104781
29.20500000,1265.10913085938,3.45213243484918,121.696721211724
29.21000000,1248.59118652344,3.47218248910936,121.745901539553
29.21500000,1234.80993652344,3.48780263132312,121.770491703467
29.22000000,1219.49719238281,3.44704918281544,121.795081867381
29.22500000,1202.28076171875,3.49202770066017,121.819672031295
29.23000000,1184.65832519531,3.37793134549718,121.84426219521
29.23500000,1173.56604003906,3.46715014090582,121.868852359124
29.24000000,1168.31665039062,3.43365349109628,121.893442523038
29.24500000,1183.68542480469,3.50693848548008,121.918032686952
29.25000000,1197.06921386719,3.37401823818196,121.942622850867
29.25500000,1213.50598144531,3.4222628955808,121.967213014781
29.26000000,1226.74963378906,3.42620481091571,121.991803178695
29.26500000,1232.64440917969,3.47364553843002,122.01639334261
29.27000000,1233.62707519531,3.4397741228563,122.040983506524
29.27500000,1230.18762207031,3.42775561229989,122.065573670438
29.28000000,1230.642578125,3.46748417897846,122.090163834352
29.28500000,1214.24365234375,3.45747066599352,122.114753998267
29.29000000,1211.52380371094,3.43505180093665,122.139344162181
29.29500000,1216.94250488281,3.44367137684608,122.163934326095
29.30000000,1221.19372558594,3.44055837136645,122.188524490009
29.30500000,1221.60949707031,3.4368922368267,122.213114653924
29.31000000,1223.32153320312,3.44747843054708,122.237704817838
29.31500000,1229.74536132812,3.42679185297045,122.262294981752
29.32000000,1219.82189941406,3.46293094142258,122.286885145666
29.32500000,1219.27880859375,3.47974462951565,122.311475309581
29.33000000,1211.98156738281,3.46443297753405,122.336065473495
29.33500000,1199.92199707031,3.44202551828482,122.360655637409
29.34000000,1178.24291992188,3.43382694077185,122.385245801324
29.34500000,1164.98657226562,3.46799235157248,122.409835965238
29.35000000,1174.74609375,3.43583900910341,122.434426129152
29.35500000,1188.22924804688,3.50025891277358,122.459016293066
29.36000000,1202.93298339844,3.43694222614151,122.483606456981
29.36500000,1206.90991210938,3.38925798797135,122.508196620895
29.37000000,1208.25659179688,3.47582219989733,122.532786784809
29.37500000,1202.14208984375,3.36237444158543,122.557376948723
29.38000000,1196.40844726562,3.49244128220871,122.581967112638
29.38500000,1189.50732421875,3.38423196420236,122.606557276552
29.39000000,1189.62341308594,3.34583478792071,122.631147440466
29.39500000,1193.55834960938,3.44106826034261,122.655737604381
29.40000000,1192.19909667969,3.37912080496802,122.680327768295
29.40500000,1200.97192382812,3.36840794931995,122.704917932209
29.41000000,1200.9130859375,3.39510407379352,122.754098260038
29.41500000,1200.42309570312,3.42140626166648,122.778688423952
29.42000000,1192.20190429688,3.43065417119713,122.803278587866
29.42500000,1184.60510253906,3.36562198372783,122.82786875178
29.43000000,1173.47924804688,3.44518348741419,122.852458915695
29.43500000,1163.30395507812,3.33584633328099,122.877049079609
29.44000000,1148.33837890625,3.40662814434741,122.901639243523
29.44500000,1124.38452148438,3.37151475480013,122.926229407438
29.45000000,1109.83605957031,3.47526755686889,122.950819571352
29.45500000,1098.38415527344,3.33788992496212,122.975409735266
29.46000000,1103.26672363281,3.37532723013947,122.99999989918
29.46500000,1116.10595703125,3.39550963408581,123.024590063095
29.47000000,1131.41162109375,3.4691059651015,123.049180227009
29.47500000,1140.59033203125,3.45496843953994,123.073770390923
29.48000000,1149.80676269531,3.46458552652933,123.098360554837
29.48500000,1153.384765625,3.46340367419935,123.122950718752
29.49000000,1135.25695800781,3.50422050216515,123.147540882666
29.49500000,1129.72485351562,3.48587304898812,123.17213104658
29.50000000,1123.61047363281,3.48002911807721,123.196721210494
29.50500000,1113.47143554688,3.47310294981889,123.221311374409
29.51000000,1113.12426757812,3.46429176200963,123.245901538323
29.51500000,1118.3134765625,3.45957323821549,123.270491702237
29.52000000,1127.7861328125,3.41543986848758,123.295081866152
29.52500000,1133.24682617188,3.42455507242371,123.319672030066
29.53000000,1153.78784179688,3.43429690307647,123.34426219398
29.53500000,1165.78857421875,3.42185241145844,123.368852357894
29.54000000,1175.97937011719,3.42121084149222,123.393442521809
29.54500000,1180.65612792969,3.4160116667104,123.418032685723
29.55000000,1178.80285644531,3.41528350545301,123.442622849637
29.55500000,1178.86022949219,3.39756082598163,123.467213013551
29.56000000,1197.00891113281,3.46352275191976,123.491803177466
29.56500000,1235.51818847656,3.42850518474688,123.51639334138
29.57000000,1264.99853515625,3.36458640710188,123.540983505294
29.57500000,1286.21435546875,3.43261082381095,123.565573669209
29.58000000,1285.42907714844,3.37005410574521,123.590163833123
29.58500000,1269.64318847656,3.48035207475287,123.614753997037
29.59000000,1244.8369140625,3.40787097875691,123.639344160951
29.59500000,1237.67529296875,3.37008554751449,123.663934324866
29.60000000,1243.77856445312,3.41439479546836,123.68852448878
29.60500000,1252.30078125,3.3469536087971,123.713114652694
29.61000000,1263.87036132812,3.29656150424221,123.737704816608
29.61500000,1269.37023925781,3.28303898298947,123.762294980523
29.62000000,1283.07177734375,3.25473098171822,123.786885144437
29.62500000,1286.92126464844,3.21691886619965,123.811475308351
29.63000000,1293.25964355469,3.20473611599951,123.836065472266
29.63500000,1303.85363769531,3.23247230382518,123.86065563618
29.64000000,1310.994140625,3.19598679259447,123.885245800094
29.64500000,1316.56115722656,3.20208045542528,123.909835964008
29.65000000,1326.39501953125,3.20927293470757,123.934426127923
29.65500000,1332.43811035156,3.24821428449131,123.959016291837
29.66000000,1320.15319824219,3.25853904675619,123.983606455751
29.66500000,1318.1220703125,3.19977662426064,124.008196619665
29.67000000,1326.73229980469,3.23182519341704,124.03278678358
29.67500000,1339.64855957031,3.25143319645217,124.057376947494
29.68000000,1336.20361328125,3.28494750809757,124.081967111408
29.68500000,1328.06359863281,3.2639402766511,124.106557275322
29.69000000,1330.31726074219,3.22611297738305,124.131147439237
29.69500000,1340.8076171875,3.23581756481962,124.155737603151
29.70000000,1348.53332519531,3.25611675875328,124.180327767065
29.70500000,1340.21691894531,3.208197197049,124.20491793098
29.71000000,1330.4951171875,3.23194650552118,124.229508094894
29.71500000,1318.99975585938,3.26161622085338,124.254098258808
29.72000000,1324.59338378906,3.25249600955376,124.278688422722
29.72500000,1342.92700195312,3.27853050981768,124.303278586637
29.73000000,1360.4765625,3.27690029684458,124.327868750551
29.73500000,1373.11840820312,3.23634734611233,124.327868750551
29.74000000,1363.48901367188,3.31124983932911,124.352458914465
29.74500000,1349.89953613281,3.30549424762451,124.377049078379
29.75000000,1323.8388671875,3.29934670573805,124.401639242294
29.75500000,1293.83361816406,3.32453007288455,124.426229406208
29.76000000,1261.20080566406,3.30909124142706,124.450819570122
29.76500000,1235.16125488281,3.32355658023952,124.475409734037
29.77000000,1212.29504394531,3.2750276455576,124.499999897951
29.77500000,1189.95520019531,3.35510485252639,124.524590061865
29.78000000,1175.79321289062,3.3167859265323,124.549180225779
29.78500000,1175.46704101562,3.30799577019487,124.573770389694
29.79000000,1184.00732421875,3.40784276231186,124.598360553608
29.79500000,1185.93627929688,3.31823110063659,124.622950717522
29.80000000,1199.04846191406,3.46409788554394,124.647540881436
29.80500000,1216.54772949219,3.38449717743376,124.672131045351
29.81000000,1221.95666503906,3.34806401512422,124.696721209265
29.81500000,1223.02331542969,3.41834255192472,124.721311373179
29.82000000,1214.25903320312,3.36952113090209,124.745901537094
29.82500000,1210.83081054688,3.3756109532908,124.770491701008
29.83000000,1210.53833007812,3.40534394806519,124.795081864922
29.83500000,1228.79760742188,3.34118111725132,124.819672028836
29.84000000,1251.71557617188,3.37786301601047,124.844262192751
29.84500000,1265.67883300781,3.32847397677266,124.868852356665
29.85000000,1279.38745117188,3.36536453163758,124.893442520579
29.85500000,1285.0791015625,3.26275783054555,124.918032684493
29.86000000,1290.818359375,3.35184803302445,124.942622848408
29.86500000,1292.23364257812,3.30374648567996,124.967213012322
29.87000000,1317.47387695312,3.42336247762079,124.991803176236
29.87500000,1338.68542480469,3.282638940519,125.01639334015
29.88000000,1357.65588378906,3.30686009587049,125.040983504065
29.88500000,1368.92456054688,3.31717522248155,125.065573667979
29.89000000,1367.02221679688,3.35365910581215,125.090163831893
29.89500000,1358.92419433594,3.3376068341115,125.114753995808
29.90000000,1348.97705078125,3.29023519880444,125.139344159722
29.90500000,1364.76000976562,3.31839221631228,125.163934323636
29.91000000,1374.88366699219,3.3547959488944,125.18852448755
29.91500000,1369.50268554688,3.32893234914722,125.213114651465
29.92000000,1358.72961425781,3.31364926566106,125.237704815379
29.92500000,1339.37414550781,3.33301508496723,125.262294979293
29.93000000,1323.19213867188,3.28715527865387,125.286885143207
29.93500000,1311.5078125,3.28427493547471,125.311475307122
29.94000000,1318.22277832031,3.23003669069346,125.336065471036
29.94500000,1323.26354980469,3.15444397130281,125.36065563495
29.95000000,1332.923828125,3.16433517370046,125.385245798865
29.95500000,1333.27099609375,3.18884562139866,125.409835962779
29.96000000,1323.02697753906,3.19195671973198,125.434426126693
29.96500000,1310.74914550781,3.19971016267041,125.459016290607
29.97000000,1306.96398925781,3.19652745602517,125.483606454522
29.97500000,1313.26599121094,3.20075518424112,125.508196618436
29.98000000,1302.67626953125,3.21864301393461,125.53278678235
29.98500000,1279.13537597656,3.22540028216331,125.557376946264
29.99000000,1253.17138671875,3.26879085169399,125.581967110179
29.99500000,1233.755859375,3.19737050053127,125.606557274093
30.00000000,1215.25573730469,3.17853600276085,125.631147438007
30.00500000,1197.75927734375,3.24440726995602,125.655737601922
30.01000000,1195.28991699219,3.15065198211074,125.680327765836
30.01500000,1195.09545898438,3.29320733486172,125.70491792975
30.02000000,1187.90026855469,3.16878830329409,125.729508093664
30.02500000,1187.7099609375,3.13822109526597,125.729508093664
30.03000000,1185.84814453125,3.23958460779306,125.754098257579
30.03500000,1180.11169433594,3.17518061673667,125.778688421493
30.04000000,1162.76354980469,3.18200753451721,125.803278585407
30.04500000,1167.24157714844,3.22417995688057,125.827868749321
30.05000000,1173.03552246094,3.20938585001448,125.852458913236
30.05500000,1186.42492675781,3.23082700775066,125.87704907715
30.06000000,1192.95227050781,3.21061969158695,125.901639241064
30.06500000,1190.48718261719,3.25473688775501,125.926229404979
30.07000000,1182.22253417969,3.22473096883776,125.950819568893
30.07500000,1168.76879882812,3.2143988505635,125.975409732807
30.08000000,1182.46057128906,3.216409504779,125.999999896721
30.08500000,1207.27673339844,3.24009543983938,126.024590060636
30.09000000,1212.45471191406,3.23745256597209,126.04918022455
30.09500000,1215.52587890625,3.16665081721148,126.073770388464
30.10000000,1235.57702636719,3.21940779700189,126.098360552378
30.10500000,1265.16931152344,3.27070460695148,126.122950716293
30.11000000,1277.68103027344,3.33778377948594,126.147540880207
30.11500000,1295.77514648438,3.32077068947797,126.172131044121
30.12000000,1298.0947265625,3.31493723232634,126.196721208035
30.12500000,1285.55078125,3.34650261608078,126.22131137195
30.13000000,1279.369140625,3.35509676520051,126.245901535864
30.13500000,1286.10522460938,3.33697922239453,126.270491699778
30.14000000,1286.95483398438,3.31563143671568,126.295081863693
30.14500000,1275.41333007812,3.33423970683285,126.319672027607
30.15000000,1281.15954589844,3.3200461793265,126.344262191521
30.15500000,1279.22216796875,3.34180058682378,126.368852355435
30.16000000,1274.82958984375,3.32843534430042,126.39344251935
30.16500000,1282.55944824219,3.29540593476938,126.418032683264
30.17000000,1293.279296875,3.35308527863825,126.442622847178
30.17500000,1285.52282714844,3.32823491141163,126.467213011092
30.18000000,1276.84948730469,3.32364795277174,126.491803175007
30.18500000,1288.599609375,3.29465436167695,126.516393338921
30.19000000,1292.72912597656,3.28554802699059,126.540983502835
30.19500000,1285.17993164062,3.30243919135184,126.56557366675
30.20000000,1280.68359375,3.26232620989401,126.590163830664
30.20500000,1278.57971191406,3.31321300201746,126.614753994578
30.21000000,1278.43127441406,3.23659012221501,126.639344158492
30.21500000,1284.89855957031,3.18889889865668,126.663934322407
30.22000000,1304.59692382812,3.29349258874567,126.688524486321
30.22500000,1307.693359375,3.17764731180343,126.688524486321
30.23000000,1296.83764648438,3.33432956284147,126.713114650235
30.23500000,1292.41979980469,3.23414907764863,126.737704814149
30.24000000,1314.99755859375,3.20406190827103,126.762294978064
30.24500000,1319.8662109375,3.265694522147,126.786885141978
30.25000000,1321.56555175781,3.24509662372063,126.811475305892
30.25500000,1325.86169433594,3.23210372497751,126.836065469806
30.26000000,1315.712890625,3.27227758665616,126.860655633721
30.26500000,1301.373046875,3.27092099179985,126.885245797635
30.27000000,1290.1982421875,3.27241044126162,126.909835961549
30.27500000,1292.06286621094,3.19778589113263,126.934426125464
30.28000000,1285.58581542969,3.19165718462067,126.959016289378
30.28500000,1295.89270019531,3.14525122767665,126.983606453292
30.29000000,1318.62036132812,3.11649390003547,127.008196617206
30.29500000,1322.892578125,3.12388694718286,127.032786781121
30.30000000,1336.412109375,3.12314660394583,127.057376945035
30.30500000,1352.23156738281,3.16348753977397,127.081967108949
30.31000000,1359.60314941406,3.07139369994484,127.106557272863
30.31500000,1349.98486328125,3.11311264338351,127.131147436778
30.32000000,1349.44311523438,3.12289289107759,127.155737600692
30.32500000,1348.60327148438,3.1944409125965,127.180327764606
30.33000000,1345.14562988281,3.19182373650287,127.180327764606
30.33500000,1333.00634765625,3.1478339579387,127.204917928521
30.34000000,1311.23620605469,3.17977641424438,127.229508092435
30.34500000,1279.72619628906,3.21021956724068,127.254098256349
30.35000000,1254.93518066406,3.23737929200073,127.278688420263
30.35500000,1252.54992675781,3.23655864524679,127.303278584178
30.36000000,1239.53576660156,3.27385663010388,127.327868748092
30.36500000,1223.81140136719,3.2653709048872,127.352458912006
30.37000000,1219.1416015625,3.26716413027538,127.37704907592
30.37500000,1240.29162597656,3.26620748642417,127.401639239835
30.38000000,1264.01867675781,3.23938188026737,127.426229403749
30.38500000,1296.2958984375,3.25234220425958,127.450819567663
30.39000000,1349.70629882812,3.25420767440656,127.475409731578
30.39500000,1391.69836425781,3.23764351759839,127.499999895492
30.40000000,1415.44360351562,3.22674634168025,127.524590059406
30.40500000,1426.07385253906,3.21313653475843,127.54918022332
30.41000000,1437.34387207031,3.22200435755081,127.573770387235
30.41500000,1426.81994628906,3.21497569824953,127.598360551149
30.42000000,1413.6630859375,3.19903352321732,127.622950715063
30.42500000,1412.69714355469,3.24150491505931,127.647540878977
30.43000000,1409.11779785156,3.16940625786047,127.672131042892
30.43500000,1399.59057617188,3.15812887462036,127.696721206806
30.44000000,1376.54382324219,3.24337003689804,127.72131137072
30.44500000,1354.55529785156,3.16106965982042,127.745901534635
30.45000000,1332.51501464844,3.32029704648999,127.770491698549
30.45500000,1332.21130371094,3.21589069866785,127.795081862463
30.46000000,1326.26342773438,3.18357319789332,127.795081862463
30.46500000,1306.97375488281,3.26170738392876,127.819672026377
30.47000000,1300.56677246094,3.21732038641534,127.844262190292
30.47500000,1314.77502441406,3.21855242475216,127.868852354206
30.48000000,1344.73132324219,3.27992243777175,127.89344251812
30.48500000,1366.18371582031,3.27236031616029,127.918032682034
30.49000000,1396.20300292969,3.29494419289274,127.942622845949
30.49500000,1428.22961425781,3.27249857812898,127.967213009863
30.50000000,1444.49426269531,3.30696690137063,127.991803173777
30.50500000,1454.26501464844,3.26231230090632,128.016393337691
30.51000000,1475.78173828125,3.27320071101759,128.040983501606
30.51500000,1483.77893066406,3.22993821613292,128.06557366552
30.52000000,1470.79699707031,3.27000248328598,128.090163829434
30.52500000,1453.19555664062,3.21293636656802,128.114753993349
30.53000000,1421.91638183594,3.17074542890631,128.139344157263
30.53500000,1386.31323242188,3.20528098085369,128.163934321177
30.54000000,1347.44702148438,3.21476657154279,128.188524485091
30.54500000,1324.75439453125,3.21768879222685,128.213114649006
30.55000000,1309.21215820312,3.20552401246139,128.23770481292
30.55500000,1306.93322753906,3.18085796027769,128.262294976834
30.56000000,1317.83227539062,3.22426084287154,128.286885140748
30.56500000,1328.12939453125,3.26391262654812,128.311475304663
30.57000000,1339.4833984375,3.2744938124219,128.336065468577
30.57500000,1345.70007324219,3.26708905856669,128.360655632491
30.58000000,1359.74731445312,3.29725511330268,128.385245796406
30.58500000,1370.09619140625,3.24359688059283,128.40983596032
30.59000000,1378.27124023438,3.26149997013687,128.434426124234
30.59500000,1385.76867675781,3.21598464335009,128.459016288148
30.60000000,1392.60119628906,3.18322938039442,128.483606452063
30.60500000,1400.38427734375,3.22236530829858,128.483606452063
30.61000000,1390.71850585938,3.21665197945489,128.508196615977
30.61500000,1383.28112792969,3.20760528996622,128.532786779891
30.62000000,1361.28015136719,3.20767041852896,128.557376943805
30.62500000,1341.82946777344,3.23443164972031,128.58196710772
30.63000000,1312.580078125,3.2569166057426,128.606557271634
30.63500000,1270.58386230469,3.222952839791,128.631147435548
30.64000000,1244.76684570312,3.27965567253298,128.655737599462
30.64500000,1238.07287597656,3.25799621337596,128.680327763377
30.65000000,1243.83740234375,3.21825589040566,128.704917927291
30.65500000,1236.81726074219,3.28846279348082,128.729508091205
30.66000000,1212.82006835938,3.26917630671197,128.75409825512
30.66500000,1185.95874023438,3.33754651174981,128.778688419034
30.67000000,1174.82312011719,3.32452902159173,128.803278582948
30.67500000,1169.06420898438,3.24512458671048,128.827868746862
30.68000000,1169.16638183594,3.26252492867154,128.852458910777
30.68500000,1187.79943847656,3.23803165004743,128.877049074691
30.69000000,1206.25061035156,3.19323358786898,128.901639238605
30.69500000,1237.04956054688,3.21825975551233,128.926229402519
30.70000000,1260.87048339844,3.21166452124983,128.950819566434
30.70500000,1283.02697753906,3.18706447034557,128.975409730348
30.71000000,1289.54736328125,3.21022337317946,128.999999894262
30.71500000,1297.36401367188,3.19166492041558,129.024590058177
30.72000000,1288.38269042969,3.22972956031926,129.049180222091
30.72500000,1271.55676269531,3.16932551572648,129.073770386005
30.73000000,1277.205078125,3.25427753346037,129.098360549919
30.73500000,1279.94592285156,3.23168239242367,129.122950713834
30.74000000,1276.53173828125,3.34567963616273,129.147540877748
30.74500000,1263.96826171875,3.20542173610785,129.172131041662
30.75000000,1262.29406738281,3.26278398557153,129.196721205576
30.75500000,1271.98791503906,3.25112690554555,129.196721205576
30.76000000,1289.46057128906,3.2866090332401,129.221311369491
30.76500000,1314.10595703125,3.27156677292216,129.245901533405
30.77000000,1324.74035644531,3.19042503206233,129.270491697319
30.77500000,1334.35998535156,3.15232017385899,129.295081861234
30.78000000,1343.31469726562,3.14212088587943,129.319672025148
30.78500000,1358.11791992188,3.10955639300956,129.344262189062
30.79000000,1367.90405273438,3.10453510170455,129.368852352976
30.79500000,1376.54797363281,3.15151736102067,129.393442516891
30.80000000,1374.22424316406,3.15840381139808,129.418032680805
30.80500000,1365.77917480469,3.16136739345902,129.442622844719
30.81000000,1361.75183105469,3.18706371708075,129.467213008633
30.81500000,1354.33837890625,3.16378467155023,129.491803172548
30.82000000,1354.22631835938,3.16795703695464,129.516393336462
30.82500000,1356.58081054688,3.22170476890494,129.540983500376
30.83000000,1365.40258789062,3.22331086047427,129.565573664291
30.83500000,1377.46911621094,3.22094917328097,129.590163828205
30.84000000,1378.86047363281,3.20444664621748,129.614753992119
30.84500000,1376.72302246094,3.18582123606614,129.639344156033
30.85000000,1381.98217773438,3.18041809875308,129.663934319948
30.85500000,1388.22399902344,3.12842227287999,129.663934319948
30.86000000,1373.08203125,3.19007117979993,129.688524483862
30.86500000,1358.04931640625,3.11757154066998,129.713114647776
30.87000000,1359.72766113281,3.06970576121769,129.73770481169
30.87500000,1362.7470703125,3.12242707330397,129.762294975605
30.88000000,1359.66186523438,3.08413133599218,129.786885139519
30.88500000,1340.12585449219,3.11699766274965,129.811475303433
30.89000000,1322.42651367188,3.14745951123157,129.836065467347
30.89500000,1302.32214355469,3.09182148323874,129.860655631262
30.90000000,1300.37365722656,3.09726971855877,129.885245795176
30.90500000,1294.20593261719,3.12493529495998,129.90983595909
30.91000000,1293.98901367188,3.0599812140486,129.934426123005
30.91500000,1308.8173828125,3.05323189248215,129.959016286919
30.92000000,1333.54675292969,3.0789654233239,129.959016286919
30.92500000,1347.40783691406,3.03765484804762,129.983606450833
30.93000000,1357.26403808594,3.06437755405848,130.008196614747
30.93500000,1375.02221679688,3.00754907499047,130.032786778662
30.94000000,1398.27331542969,3.05294542982998,130.057376942576
30.94500000,1410.97534179688,3.02968177877124,130.08196710649
30.95000000,1406.25512695312,3.00856623719817,130.106557270404
30.95500000,1389.13806152344,3.06131198153454,130.131147434319
30.96000000,1372.18469238281,3.07923864002371,130.155737598233
30.96500000,1334.88354492188,3.18915078120421,130.180327762147
30.97000000,1289.37658691406,3.07972902778724,130.204917926062
30.97500000,1234.64050292969,3.12535415698869,130.229508089976
30.98000000,1190.09106445312,3.15193607136834,130.229508089976
30.98500000,1140.01782226562,3.22101877298699,130.25409825389
30.99000000,1111.2080078125,3.23140779900637,130.278688417804
30.99500000,1109.67370605469,3.21088805381493,130.303278581719
31.00000000,1119.29052734375,3.2424571323246,130.327868745633
31.00500000,1151.08337402344,3.24051502518314,130.352458909547
31.01000000,1175.01770019531,3.22321034793935,130.377049073461
31.01500000,1209.53601074219,3.18093027252517,130.401639237376
31.02000000,1255.21240234375,3.18392574707526,130.42622940129
31.02500000,1302.56433105469,3.15373361565157,130.450819565204
31.03000000,1341.86865234375,3.12486620117234,130.475409729119
31.03500000,1378.31323242188,3.11967653884323,130.499999893033
31.04000000,1412.662109375,3.09875264776871,130.524590056947
31.04500000,1419.392578125,3.0869080062958,130.549180220861
31.05000000,1413.75817871094,3.11973283137765,130.573770384776
31.05500000,1385.96887207031,3.11572472107216,130.59836054869
31.06000000,1363.7353515625,3.13852474552198,130.622950712604
31.06500000,1342.94934082031,3.14335657007223,130.647540876518
31.07000000,1327.09350585938,3.1375516611529,130.647540876518
31.07500000,1316.31909179688,3.17436019669059,130.672131040433
31.08000000,1292.37084960938,3.14832085901597,130.696721204347
31.08500000,1267.37133789062,3.22697551047806,130.721311368261
31.09000000,1250.73999023438,3.20135133001157,130.745901532175
31.09500000,1261.00903320312,3.15473576252126,130.77049169609
31.10000000,1278.40466308594,3.21894086088351,130.795081860004
31.10500000,1297.69152832031,3.1635826466153,130.819672023918
31.11000000,1315.16418457031,3.2044683015618,130.844262187833
31.11500000,1329.98693847656,3.20260636034598,130.868852351747
31.12000000,1343.21252441406,3.11356615954589,130.893442515661
31.12500000,1367.87182617188,3.101756571994,130.918032679575
31.13000000,1392.9609375,3.11233669921484,130.94262284349
31.13500000,1402.10888671875,3.06582118069496,130.967213007404
31.14000000,1410.60998535156,3.01705077134237,130.991803171318
31.14500000,1420.28283691406,3.07867162021386,131.016393335232
31.15000000,1418.85913085938,2.99605488189751,131.016393335232
31.15500000,1398.15295410156,3.03157738061426,131.040983499147
31.16000000,1371.5478515625,2.99210482732783,131.065573663061
31.16500000,1349.82531738281,3.0236585363301,131.090163826975
31.17000000,1322.43908691406,2.99769996491623,131.11475399089
31.17500000,1300.24768066406,2.98668923600033,131.139344154804
31.18000000,1282.74279785156,3.02440654770923,131.163934318718
31.18500000,1258.77355957031,3.01999020992235,131.188524482632
31.19000000,1220.50500488281,3.11869997247187,131.213114646547
31.19500000,1179.37109375,3.0065859741167,131.237704810461
31.20000000,1166.66625976562,3.09606069213166,131.237704810461
31.20500000,1175.87158203125,3.13541952271458,131.262294974375
31.21000000,1207.2724609375,3.2016073332355,131.286885138289
31.21500000,1236.60583496094,3.19524897704145,131.311475302204
31.22000000,1250.52990722656,3.12458536977888,131.336065466118
31.22500000,1263.72888183594,3.0851656944595,131.360655630032
31.23000000,1283.91027832031,3.0703224606905,131.385245793947
31.23500000,1301.13928222656,3.04511541346344,131.409835957861
31.24000000,1307.57849121094,3.03042665936932,131.434426121775
31.24500000,1319.53588867188,3.04292602401467,131.459016285689
31.25000000,1322.0009765625,3.04397387508797,131.483606449604
31.25500000,1321.49694824219,3.03842471658486,131.508196613518
31.26000000,1313.47180175781,3.07058622623495,131.532786777432
31.26500000,1303.27124023438,3.06174892126202,131.532786777432
31.27000000,1264.61645507812,3.0343515758414,131.557376941346
31.27500000,1221.64733886719,3.08831990808518,131.581967105261
31.28000000,1192.00036621094,3.1166858339724,131.606557269175
31.28500000,1171.00720214844,3.12388874622565,131.631147433089
31.29000000,1157.60656738281,3.11413228369691,131.655737597003
31.29500000,1137.3427734375,3.1154873790958,131.680327760918
31.30000000,1122.11120605469,3.12681142521511,131.704917924832
31.30500000,1117.58142089844,3.11141450285384,131.729508088746
31.31000000,1144.28442382812,3.10598200696825,131.754098252661
31.31500000,1180.55822753906,3.14984260545662,131.778688416575
31.32000000,1216.619140625,3.05723575792951,131.803278580489
31.32500000,1238.11633300781,2.97954918079358,131.827868744403
31.33000000,1260.49255371094,3.02951071558184,131.827868744403
31.33500000,1289.72375488281,2.92013006002875,131.852458908318
31.34000000,1317.57189941406,3.01051018129591,131.877049072232
31.34500000,1345.47326660156,3.00746847443397,131.901639236146
31.35000000,1354.67846679688,2.956859607914,131.92622940006
31.35500000,1358.01293945312,2.98736771396271,131.950819563975
31.36000000,1367.25598144531,3.03314754838941,131.975409727889
31.36500000,1373.82678222656,2.97468102163688,131.999999891803
31.37000000,1356.12731933594,3.06377420219842,132.024590055718
31.37500000,1319.49108886719,3.15497346014699,132.024590055718
31.38000000,1291.49731445312,3.10740418717967,132.049180219632
31.38500000,1270.52783203125,3.22157922773452,132.073770383546
31.39000000,1274.32287597656,3.16267377492587,132.09836054746
31.39500000,1271.45178222656,3.20322582226793,132.122950711375
31.40000000,1262.39074707031,3.14047619344743,132.147540875289
31.40500000,1242.78332519531,3.16207600856027,132.172131039203
31.41000000,1232.05078125,3.12645719916,132.196721203117
31.41500000,1252.39318847656,3.1417422497326,132.221311367032
31.42000000,1275.16687011719,3.0675274076427,132.245901530946
31.42500000,1303.11865234375,2.94683991140796,132.27049169486
31.43000000,1328.748046875,3.02116102568872,132.295081858775
31.43500000,1362.02624511719,2.9543690840617,132.319672022689
31.44000000,1392.86022949219,3.02604555179749,132.344262186603
31.44500000,1424.93859863281,3.02530471561265,132.344262186603
31.45000000,1442.99645996094,2.98188060090827,132.368852350517
31.45500000,1442.59460449219,3.01681586836038,132.393442514432
31.46000000,1437.052734375,3.06636817688062,132.418032678346
31.46500000,1413.18286132812,3.12126483775124,132.44262284226
31.47000000,1389.49926757812,3.13875781437275,132.467213006174
31.47500000,1366.08435058594,3.15171798954951,132.491803170089
31.48000000,1344.560546875,3.17033440271441,132.516393334003
31.48500000,1310.08837890625,3.13550789448147,132.540983497917
31.49000000,1276.55419921875,3.14098126681146,132.565573661832
31.49500000,1239.15637207031,3.12931177752796,132.590163825746
31.50000000,1211.82055664062,3.10888518912211,132.61475398966
31.50500000,1196.78076171875,3.20445715287319,132.639344153574
31.51000000,1187.18212890625,3.18729679028116,132.639344153574
31.51500000,1199.90942382812,3.16750617973276,132.663934317489
31.52000000,1208.34899902344,3.15181895860955,132.688524481403
31.52500000,1235.23962402344,3.1397957636281,132.713114645317
31.53000000,1272.05786132812,3.14014489150107,132.737704809231
31.53500000,1318.92687988281,3.08188273967717,132.762294973146
31.54000000,1362.45458984375,3.06813303038481,132.78688513706
31.54500000,1399.28955078125,3.0180188932986,132.811475300974
31.55000000,1438.10119628906,2.93237868316109,132.836065464888
31.55500000,1459.15185546875,2.91099936297007,132.860655628803
31.56000000,1478.78857421875,2.95378735414422,132.885245792717
31.56500000,1482.01513671875,2.85853523752131,132.885245792717
31.57000000,1470.99572753906,2.9672565699388,132.909835956631
31.57500000,1456.24572753906,2.90637998760355,132.934426120546
31.58000000,1448.05261230469,2.86108476516137,132.95901628446
31.58500000,1452.30529785156,2.88405953475227,132.983606448374
31.59000000,1438.65270996094,2.92275416346227,133.008196612288
31.59500000,1415.04040527344,2.92005261090318,133.032786776203
31.60000000,1383.40710449219,2.97105052348307,133.057376940117
31.60500000,1368.38000488281,2.99805322396741,133.057376940117
31.61000000,1358.88635253906,3.02328114572237,133.081967104031
31.61500000,1356.80200195312,3.02466017872376,133.106557267945
31.62000000,1366.44689941406,3.01615079511513,133.13114743186
31.62500000,1388.78674316406,3.05051026316562,133.155737595774
31.63000000,1414.58972167969,3.03572327724588,133.180327759688
31.63500000,1425.267578125,3.02207442235473,133.204917923603
31.64000000,1428.2841796875,3.06578031608478,133.229508087517
31.64500000,1430.97045898438,3.03700060360926,133.254098251431
31.65000000,1441.53356933594,3.13452423283784,133.278688415345
31.65500000,1438.99011230469,2.98257625019649,133.30327857926
31.66000000,1429.9150390625,2.99483058362857,133.30327857926
31.66500000,1419.88244628906,2.99582116929595,133.327868743174
31.67000000,1387.50305175781,3.09217242476942,133.352458907088
31.67500000,1358.87243652344,3.14637736318711,133.377049071002
31.68000000,1331.712890625,3.13310535732826,133.401639234917
31.68500000,1317.58166503906,3.14447780546114,133.426229398831
31.69000000,1303.90112304688,3.16390134491752,133.450819562745
31.69500000,1312.1376953125,3.14395015454365,133.47540972666
31.70000000,1329.66357421875,3.10909088191591,133.499999890574
31.70500000,1337.57263183594,3.08207434797947,133.524590054488
31.71000000,1347.43725585938,3.07292958833031,133.549180218402
31.71500000,1354.79614257812,3.06825325811148,133.573770382317
31.72000000,1361.21704101562,3.07423446219374,133.598360546231
31.72500000,1359.94604492188,3.09256470039856,133.598360546231
31.73000000,1351.96142578125,3.07127186952948,133.622950710145
31.73500000,1337.69299316406,3.11431887231864,133.647540874059
31.74000000,1310.09826660156,3.13428900647826,133.672131037974
31.74500000,1284.59899902344,3.12351391334463,133.696721201888
31.75000000,1260.20141601562,3.10747790740405,133.721311365802
31.75500000,1253.20642089844,3.09350143120906,133.745901529716
31.76000000,1250.69934082031,3.09865804894463,133.770491693631
31.76500000,1252.53308105469,3.09464430227083,133.795081857545
31.77000000,1265.88610839844,3.06485615364091,133.819672021459
31.77500000,1281.84411621094,3.08824625177379,133.844262185374
31.78000000,1303.23486328125,2.99080362641248,133.868852349288
31.78500000,1320.14758300781,2.92279089325753,133.868852349288
31.79000000,1341.68811035156,2.97953103396429,133.893442513202
31.79500000,1355.22021484375,2.90375941174391,133.918032677116
31.80000000,1373.07641601562,2.94318425163284,133.942622841031
31.80500000,1389.93310546875,2.94887264737873,133.967213004945
31.81000000,1409.18640136719,2.87540226722582,133.991803168859
31.81500000,1411.43591308594,2.88052633312955,134.016393332773
31.82000000,1392.16723632812,2.93941311640252,134.040983496688
31.82500000,1380.54455566406,2.90719240736116,134.040983496688
31.83000000,1370.47973632812,2.91143927066754,134.065573660602
31.83500000,1364.53051757812,2.95025920082608,134.090163824516
31.84000000,1364.82727050781,2.94257302008643,134.114753988431
31.84500000,1370.26135253906,2.93501151934652,134.139344152345
31.85000000,1372.69702148438,2.92534333420772,134.163934316259
31.85500000,1368.71313476562,2.83819471956019,134.188524480173
31.86000000,1378.59460449219,2.86820845947556,134.188524480173
31.86500000,1387.11535644531,2.76861343193208,134.213114644088
31.87000000,1396.65087890625,2.78593413117243,134.237704808002
31.87500000,1409.07995605469,2.7882603827087,134.262294971916
31.88000000,1418.17602539062,2.80634134104164,134.28688513583
31.88500000,1423.09509277344,2.89865146407097,134.311475299745
31.89000000,1419.19653320312,2.82114025072998,134.336065463659
31.89500000,1421.93884277344,2.88703145285349,134.336065463659
31.90000000,1417.14440917969,2.9290985221675,134.360655627573
31.90500000,1421.51879882812,3.03519753843745,134.385245791488
31.91000000,1416.42065429688,3.1291379016993,134.409835955402
31.91500000,1395.64306640625,3.17188137932465,134.434426119316
31.92000000,1383.291015625,3.23428968283642,134.45901628323
31.92500000,1385.60205078125,3.30047543527456,134.483606447145
31.93000000,1405.42785644531,3.30017167168712,134.508196611059
31.93500000,1415.63684082031,3.26750865276907,134.532786774973
31.94000000,1407.83276367188,3.23062228418316,134.557376938887
31.94500000,1394.03747558594,3.18003548060073,134.581967102802
31.95000000,1376.55358886719,3.13185505497424,134.606557266716
31.95500000,1366.53088378906,3.12342817700992,134.63114743063
31.96000000,1349.84069824219,3.10356480633455,134.655737594544
31.96500000,1350.28869628906,3.0731548489803,134.680327758459
31.97000000,1356.57531738281,3.10754630387049,134.680327758459
31.97500000,1372.44372558594,3.10310064673042,134.704917922373
31.98000000,1382.97326660156,3.06753323121666,134.729508086287
31.98500000,1397.68676757812,3.01858292466155,134.754098250202
31.99000000,1411.87268066406,3.0060649952917,134.778688414116
31.99500000,1420.39904785156,3.02423376177879,134.80327857803
32.00000000,1422.12634277344,3.03137895088452,134.827868741944
32.00500000,1409.06604003906,3.05650108421696,134.852458905859
32.01000000,1393.83862304688,3.10837147228037,134.877049069773
32.01500000,1364.85241699219,3.04822871390768,134.901639233687
32.02000000,1340.765625,3.02220723684272,134.926229397601
32.02500000,1335.02075195312,3.12541262653448,134.950819561516
32.03000000,1343.99365234375,3.00033936281793,134.950819561516
32.03500000,1360.80419921875,3.14492803445145,134.97540972543
32.04000000,1350.71984863281,3.0811288750854,134.999999889344
32.04500000,1333.54248046875,3.03456416169745,135.024590053259
32.05000000,1315.41760253906,3.06162256080885,135.049180217173
32.05500000,1319.65344238281,3.05759583657948,135.073770381087
32.06000000,1336.14904785156,3.02821321598483,135.098360545001
32.06500000,1365.81127929688,3.03832430393333,135.122950708916
32.07000000,1402.08923339844,3.03988213312869,135.14754087283
32.07500000,1421.81420898438,3.00349149122368,135.172131036744
32.08000000,1429.87023925781,3.00610321158585,135.172131036744
32.08500000,1433.4677734375,2.90329514482135,135.196721200658
32.09000000,1448.72314453125,2.98226361026712,135.221311364573
32.09500000,1467.44580078125,2.93391005714081,135.245901528487
32.10000000,1492.73791503906,2.94801101250857,135.270491692401
32.10500000,1508.89184570313,2.99310432161508,135.295081856316
32.11000000,1496.60974121094,2.99586890779598,135.31967202023
32.11500000,1469.55810546875,3.06911193045334,135.344262184144
32.12000000,1453.64624023438,2.95326144091677,135.368852348058
32.12500000,1434.81579589844,2.97865844935192,135.368852348058
32.13000000,1395.98461914062,2.99402896904297,135.393442511973
32.13500000,1364.88598632812,3.03056669173428,135.418032675887
32.14000000,1356.2939453125,3.04216304044089,135.442622839801
32.14500000,1355.21606445312,3.01434394429288,135.467213003715
32.15000000,1340.76843261719,3.01398235081664,135.49180316763
32.15500000,1322.36633300781,3.04247859859657,135.516393331544
32.16000000,1326.76318359375,3.04891712979034,135.540983495458
32.16500000,1324.93078613281,3.04571060879325,135.565573659372
32.17000000,1355.77880859375,3.03986049500267,135.590163823287
32.17500000,1404.49560546875,3.0619736151069,135.614753987201
32.18000000,1444.97021484375,3.02526432828879,135.614753987201
32.18500000,1451.07763671875,3.05910303463401,135.639344151115
32.19000000,1458.94738769531,3.05671405564018,135.66393431503
32.19500000,1471.96020507813,3.02994613274572,135.688524478944
32.20000000,1498.00817871094,3.05051926018946,135.713114642858
32.20500000,1538.71374511719,3.08290823747299,135.737704806772
32.21000000,1559.08825683594,3.09354188154051,135.762294970687
32.21500000,1552.88989257813,3.09164031752959,135.786885134601
32.22000000,1530.47436523438,3.07340959029165,135.811475298515
32.22500000,1513.5966796875,3.09006769068778,135.836065462429
32.23000000,1477.65893554687,3.1221343594964,135.860655626344
32.23500000,1420.82458496094,3.11329374878469,135.885245790258
32.24000000,1372.52209472656,3.20271735674654,135.885245790258
32.24500000,1339.861328125,3.14054936950307,135.909835954172
32.25000000,1315.21875,3.12008863518758,135.934426118087
32.25500000,1286.42297363281,3.1936217051685,135.959016282001
32.26000000,1274.66015625,3.13986146521244,135.983606445915
32.26500000,1263.24597167969,3.21912948074911,136.008196609829
32.27000000,1280.71447753906,3.19247663790133,136.032786773744
32.27500000,1311.90539550781,3.12906728815139,136.057376937658
32.28000000,1340.21264648438,3.15065151702146,136.081967101572
32.28500000,1375.67309570312,3.14758081275436,136.106557265486
32.29000000,1412.73071289062,3.09087018132048,136.131147429401
32.29500000,1445.57214355469,3.07645552535777,136.155737593315
32.30000000,1474.95861816406,3.07438520162758,136.180327757229
32.30500000,1511.34301757813,3.05770148233802,136.204917921144
32.31000000,1530.34423828125,3.0484904784701,136.229508085058
32.31500000,1541.74719238281,3.02987923924271,136.229508085058
32.32000000,1540.77990722656,3.0938784235028,136.254098248972
32.32500000,1512.63220214844,3.01841180747546,136.278688412886
32.33000000,1493.46862792969,3.06576013537173,136.303278576801
32.33500000,1470.51843261719,3.06624609501462,136.327868740715
32.34000000,1443.93432617187,3.11132604426203,136.352458904629
32.34500000,1405.7568359375,3.11958675924855,136.377049068543
32.35000000,1365.37463378906,3.06620677556725,136.401639232458
32.35500000,1316.17626953125,3.13855796623288,136.426229396372
32.36000000,1288.2119140625,3.17504608611882,136.450819560286
32.36500000,1282.08911132812,3.21130583456997,136.4754097242
32.37000000,1286.03515625,3.20396952650363,136.499999888115
32.37500000,1307.50012207031,3.12667320800896,136.524590052029
32.38000000,1333.18969726562,3.14512853805096,136.549180215943
32.38500000,1362.37756347656,3.12770520929661,136.549180215943
32.39000000,1386.02209472656,3.0899396608778,136.573770379858
32.39500000,1409.994140625,3.02330906739143,136.598360543772
32.40000000,1427.3505859375,2.93255504044459,136.622950707686
32.40500000,1436.25207519531,2.9048122773974,136.6475408716
32.41000000,1460.4130859375,2.93245824962866,136.672131035515
32.41500000,1483.65576171875,2.95661284866152,136.696721199429
32.42000000,1500.97021484375,2.95949277142267,136.721311363343
32.42500000,1502.36584472656,2.96912533076251,136.745901527257
32.43000000,1511.13439941406,3.03722467998913,136.745901527257
32.43500000,1511.09375,3.07251988280822,136.770491691172
32.44000000,1507.32824707031,3.08215630272951,136.795081855086
32.44500000,1497.79821777344,3.12482067598139,136.819672019
32.45000000,1476.4453125,3.17828034903177,136.844262182915
32.45500000,1449.35302734375,3.20654860492122,136.868852346829
32.46000000,1432.75805664062,3.17947185745314,136.893442510743
32.46500000,1456.0693359375,3.19805663772,136.918032674657
32.47000000,1489.82202148438,3.19850002928151,136.942622838572
32.47500000,1525.85083007813,3.13729656409229,136.967213002486
32.48000000,1552.70788574219,3.14984429909347,136.9918031664
32.48500000,1554.4912109375,3.17037080439059,137.016393330314
32.49000000,1529.98864746094,3.09057923484564,137.040983494229
32.49500000,1506.15942382813,3.14389923162027,137.065573658143
32.50000000,1494.52966308594,2.98969959749611,137.090163822057
32.50500000,1475.38696289062,2.95620208766407,137.090163822057
32.51000000,1465.78845214844,3.02870392142402,137.114753985972
32.51500000,1466.21533203125,3.01065268528569,137.139344149886
32.52000000,1464.50891113281,3.10339654287395,137.1639343138
32.52500000,1459.07763671875,3.19635308242542,137.188524477714
32.53000000,1451.99584960938,3.1923623204646,137.213114641629
32.53500000,1460.43688964844,3.18736661411383,137.237704805543
32.54000000,1462.7451171875,3.15467899273463,137.262294969457
32.54500000,1481.20886230469,3.11418960969135,137.286885133371
32.55000000,1500.20593261719,3.1082500426812,137.311475297286
32.55500000,1497.10534667969,3.02304827161766,137.3360654612
32.56000000,1477.54968261719,3.11152457031768,137.360655625114
32.56500000,1466.18737792969,3.03778823718809,137.385245789028
32.57000000,1470.04809570313,3.18894025072112,137.385245789028
32.57500000,1473.61206054687,3.12919557370313,137.409835952943
32.58000000,1490.55139160156,3.17837156042612,137.434426116857
32.58500000,1505.84729003906,3.22982498830631,137.459016280771
32.59000000,1507.21350097656,3.2991298107296,137.483606444686
32.59500000,1498.71374511719,3.34168509469944,137.5081966086
32.60000000,1503.93090820313,3.30168118602049,137.532786772514
32.60500000,1510.4443359375,3.37386143020135,137.557376936428
32.61000000,1499.29187011719,3.38896868805846,137.581967100343
32.61500000,1493.98229980469,3.38170626938753,137.606557264257
32.62000000,1489.57421875,3.39856181322441,137.631147428171
32.62500000,1478.20483398438,3.38167487997272,137.655737592085
32.63000000,1449.7001953125,3.36990890486849,137.680327756
32.63500000,1438.31958007812,3.38301648463566,137.704917919914
32.64000000,1426.80456542969,3.37960141665545,137.729508083828
32.64500000,1409.48596191406,3.34280686648395,137.754098247743
32.65000000,1414.50573730469,3.37325349224393,137.778688411657
32.65500000,1419.95666503906,3.34125758068709,137.803278575571
32.66000000,1421.60424804688,3.29554294341329,137.827868739485
32.66500000,1419.31274414062,3.26809572286692,137.8524589034
32.67000000,1416.01611328125,3.270046328952,137.877049067314
32.67500000,1418.55126953125,3.2915586601213,137.901639231228
32.68000000,1420.20581054688,3.32082102416952,137.926229395142
32.68500000,1440.28356933594,3.43529974567629,137.950819559057
32.69000000,1451.69067382813,3.41032390237748,137.975409722971
32.69500000,1451.62634277344,3.33261390476838,137.999999886885
32.70000000,1428.96459960938,3.36707897493049,138.0245900508
32.70500000,1420.18200683594,3.24892004941214,138.049180214714
32.71000000,1408.12805175781,3.3423686795068,138.073770378628
32.71500000,1394.02770996094,3.28297458829577,138.098360542542
32.72000000,1387.73828125,3.23123015379874,138.122950706457
32.72500000,1377.03930664062,3.28338257073902,138.147540870371
32.73000000,1374.95776367188,3.27382111309998,138.172131034285
32.73500000,1370.81005859375,3.26463853575696,138.196721198199
32.74000000,1391.16223144531,3.30563062558366,138.221311362114
32.74500000,1409.96752929688,3.3076753501953,138.245901526028
32.75000000,1430.36999511719,3.32347111576473,138.270491689942
32.75500000,1453.86889648438,3.30847417369031,138.295081853856
32.76000000,1483.74682617187,3.33680159610498,138.319672017771
32.76500000,1511.80493164062,3.30382901979751,138.344262181685
32.77000000,1521.51696777344,3.30411154832136,138.368852345599
32.77500000,1527.65380859375,3.2972606471556,138.393442509514
32.78000000,1522.50805664062,3.32213735216272,138.418032673428
32.78500000,1523.33251953125,3.28409608410752,138.442622837342
32.79000000,1525.73596191406,3.18884115671434,138.467213001256
32.79500000,1509.80590820313,3.17276742009753,138.491803165171
32.80000000,1482.24621582031,3.16260292483194,138.516393329085
32.80500000,1469.00659179687,3.21777394155934,138.540983492999
32.81000000,1469.04296875,3.2122076267692,138.565573656913
32.81500000,1473.67358398438,3.17027758409647,138.590163820828
32.82000000,1471.46472167969,3.23432022398391,138.614753984742
32.82500000,1472.44873046875,3.25393358785623,138.639344148656
32.83000000,1474.08520507813,3.26459350561378,138.663934312571
32.83500000,1480.81140136719,3.25741960192311,138.688524476485
32.84000000,1485.14660644531,3.31803712639469,138.713114640399
32.84500000,1489.75903320313,3.26855741894505,138.737704804313
32.85000000,1472.03857421875,3.30190593507867,138.762294968228
32.85500000,1463.60461425781,3.28945744458092,138.786885132142
32.86000000,1469.8310546875,3.23023477208265,138.786885132142
32.86500000,1469.08642578125,3.28127248131233,138.811475296056
32.87000000,1461.19140625,3.26388635619732,138.83606545997
32.87500000,1448.59436035156,3.26947122500236,138.860655623885
32.88000000,1438.59680175781,3.24737631825027,138.885245787799
32.88500000,1413.42919921875,3.25555285958614,138.909835951713
32.89000000,1397.68957519531,3.29007742034794,138.934426115628
32.89500000,1384.04553222656,3.26708564971115,138.959016279542
32.90000000,1362.78344726562,3.32027094375828,138.983606443456
32.90500000,1328.25537109375,3.26094389094809,139.00819660737
32.91000000,1301.85327148438,3.2072628131709,139.032786771285
32.91500000,1296.95385742188,3.26235088916874,139.057376935199
32.92000000,1304.81103515625,3.21735001789616,139.081967099113
32.92500000,1321.96032714844,3.28101799622379,139.106557263027
32.93000000,1329.76721191406,3.27524492639341,139.131147426942
32.93500000,1335.11315917969,3.21389493247863,139.155737590856
32.94000000,1340.78100585938,3.24690026530134,139.18032775477
32.94500000,1366.02270507812,3.24969262005948,139.204917918684
32.95000000,1397.03442382812,3.22119824974999,139.229508082599
32.95500000,1416.76501464844,3.26616111570994,139.254098246513
32.96000000,1427.48486328125,3.29783817829182,139.278688410427
32.96500000,1414.01159667969,3.30261919258385,139.303278574342
32.97000000,1401.77014160156,3.30360037585661,139.327868738256
32.97500000,1398.90881347656,3.30812562868333,139.35245890217
32.98000000,1403.06628417969,3.35285777107788,139.377049066084
32.98500000,1385.78820800781,3.32421638533223,139.401639229999
32.99000000,1372.93920898438,3.38395319090038,139.426229393913
32.99500000,1360.72155761719,3.40341573764906,139.450819557827
33.00000000,1340.3037109375,3.42832988652586,139.475409721741
33.00500000,1318.36279296875,3.34945432579891,139.499999885656
33.01000000,1303.31750488281,3.38588077825017,139.52459004957
33.01500000,1305.06164550781,3.40071409205276,139.549180213484
33.02000000,1312.62768554688,3.39896544254048,139.573770377399
33.02500000,1355.50158691406,3.33110854243721,139.598360541313
33.03000000,1400.02307128906,3.26959125937588,139.622950705227
33.03500000,1419.09155273438,3.26727570821667,139.647540869141
33.04000000,1421.91918945312,3.25773583658832,139.672131033056
33.04500000,1435.58850097656,3.23425103713792,139.69672119697
33.05000000,1450.10192871094,3.25059822730087,139.721311360884
33.05500000,1458.98522949219,3.28111547889419,139.745901524798
33.06000000,1472.7958984375,3.27742312757326,139.770491688713
33.06500000,1479.75305175781,3.30069924296839,139.795081852627
33.07000000,1457.42858886719,3.30071624407373,139.819672016541
33.07500000,1417.38659667969,3.2743070520102,139.844262180456
33.08000000,1382.48608398438,3.34886180830818,139.86885234437
33.08500000,1365.01623535156,3.35508370474031,139.893442508284
33.09000000,1362.25573730469,3.35132097271668,139.918032672198
33.09500000,1366.58264160156,3.3666698361922,139.942622836113
33.10000000,1355.23559570312,3.37923463557066,139.967213000027
33.10500000,1347.59252929688,3.3823221349113,139.991803163941
33.11000000,1339.2734375,3.32985775894195,140.016393327855
33.11500000,1344.13220214844,3.35655927046415,140.04098349177
33.12000000,1347.17687988281,3.21025263075219,140.065573655684
33.12500000,1360.13781738281,3.10022059162437,140.090163819598
33.13000000,1388.20861816406,3.17008114941279,140.114753983512
33.13500000,1425.22839355469,3.05857299306495,140.114753983512
33.14000000,1451.33935546875,3.21928985757809,140.139344147427
33.14500000,1452.50122070313,3.13982495202179,140.163934311341
33.15000000,1447.40588378906,3.11849716332772,140.188524475255
33.15500000,1436.07702636719,3.18431976726317,140.21311463917
33.16000000,1429.64770507812,3.19369900531999,140.237704803084
33.16500000,1412.68029785156,3.21123499396897,140.262294966998
33.17000000,1385.9912109375,3.2499070107485,140.286885130912
33.17500000,1353.67346191406,3.29578451425966,140.311475294827
33.18000000,1336.81115722656,3.385088552804,140.336065458741
33.18500000,1327.21813964844,3.39225086315376,140.360655622655
33.19000000,1312.88671875,3.4568798457057,140.385245786569
33.19500000,1298.21081542969,3.43485800886228,140.409835950484
33.20000000,1274.65454101562,3.48109883700624,140.434426114398
33.20500000,1251.13610839844,3.45110619990339,140.459016278312
33.21000000,1226.48791503906,3.54294682277049,140.483606442227
33.21500000,1221.83764648438,3.41206219917774,140.508196606141
33.22000000,1232.8935546875,3.37890531508043,140.532786770055
33.22500000,1245.67395019531,3.37206242266873,140.557376933969
33.23000000,1257.01953125,3.31336529994406,140.581967097884
33.23500000,1273.2001953125,3.31440328271626,140.606557261798
33.24000000,1299.28588867188,3.29482301505248,140.631147425712
33.24500000,1314.73022460938,3.2974205710022,140.655737589626
33.25000000,1335.78784179688,3.31761366377014,140.680327753541
33.25500000,1344.72009277344,3.29697670581307,140.704917917455
33.26000000,1341.67687988281,3.29914647103655,140.729508081369
33.26500000,1343.49951171875,3.32441928344909,140.754098245284
33.27000000,1347.59533691406,3.34146187720293,140.778688409198
33.27500000,1344.16442871094,3.36304664113769,140.803278573112
33.28000000,1329.65515136719,3.40939561183249,140.827868737026
33.28500000,1331.00598144531,3.35927483247665,140.852458900941
33.29000000,1328.92443847656,3.364095248705,140.877049064855
33.29500000,1313.23376464844,3.29207340187478,140.901639228769
33.30000000,1282.03308105469,3.28240510878355,140.926229392683
33.30500000,1256.609375,3.26234395629763,140.950819556598
33.31000000,1243.806640625,3.26317243514569,140.975409720512
33.31500000,1241.90283203125,3.27918590271341,140.999999884426
33.32000000,1256.49047851562,3.25309016877427,141.02459004834
33.32500000,1278.14855957031,3.29468125133666,141.049180212255
33.33000000,1312.0439453125,3.30865914823538,141.073770376169
33.33500000,1324.90417480469,3.26481780375606,141.098360540083
33.34000000,1317.56213378906,3.31151577264292,141.122950703998
33.34500000,1316.12023925781,3.30729911556463,141.147540867912
33.35000000,1330.81848144531,3.31621135660085,141.172131031826
33.35500000,1349.23876953125,3.33561602819418,141.19672119574
33.36000000,1360.80969238281,3.25401580245356,141.221311359655
33.36500000,1370.86608886719,3.27075711113715,141.245901523569
33.37000000,1374.50427246094,3.28736586557305,141.270491687483
33.37500000,1362.97387695312,3.22108185029812,141.295081851397
33.38000000,1348.5234375,3.1887453846589,141.319672015312
33.38500000,1352.05517578125,3.17737328877527,141.344262179226
33.39000000,1365.97094726562,3.13677524455351,141.36885234314
33.39500000,1388.63549804688,3.12169091614273,141.393442507055
33.40000000,1428.83581542969,3.15384498232914,141.418032670969
33.40500000,1449.57421875,3.23875932628953,141.442622834883
33.41000000,1445.96545410156,3.15134444054997,141.442622834883
33.41500000,1441.31518554687,3.26738766803776,141.467212998797
33.42000000,1452.80639648438,3.2367760664843,141.491803162712
33.42500000,1469.21936035156,3.36660508022232,141.516393326626
33.43000000,1467.52416992187,3.25838795218097,141.54098349054
33.43500000,1455.33447265625,3.28480098261,141.565573654454
33.44000000,1433.03942871094,3.30390597567096,141.590163818369
33.44500000,1414.69189453125,3.34340779205326,141.614753982283
33.45000000,1388.46752929688,3.32766284199469,141.639344146197
33.45500000,1371.02563476562,3.25210821862045,141.663934310112
33.46000000,1362.66589355469,3.29541277556804,141.688524474026
33.46500000,1347.38256835938,3.33204228028758,141.71311463794
33.47000000,1344.74536132812,3.36946045159555,141.737704801854
33.47500000,1348.93786621094,3.38331443787473,141.762294965769
33.48000000,1354.26831054688,3.41887761384318,141.786885129683
33.48500000,1346.24597167969,3.42288941618903,141.811475293597
33.49000000,1342.4677734375,3.44026217522228,141.836065457511
33.49500000,1351.69543457031,3.43150795498986,141.860655621426
33.50000000,1364.3779296875,3.37992118238642,141.88524578534
33.50500000,1385.12329101562,3.43354395261296,141.909835949254
33.51000000,1394.6435546875,3.44685096091075,141.934426113169
33.51500000,1392.44299316406,3.44392669765132,141.959016277083
33.52000000,1367.40148925781,3.43174221341162,141.983606440997
33.52500000,1356.15954589844,3.45127585235863,142.032786768826
33.53000000,1351.72766113281,3.46700117983791,142.05737693274
33.53500000,1360.05249023438,3.44123525945508,142.081967096654
33.54000000,1359.52331542969,3.53389536747561,142.106557260568
33.54500000,1337.30810546875,3.44544612827937,142.131147424483
33.55000000,1307.05639648438,3.42579143651251,142.155737588397
33.55500000,1293.67407226562,3.48044822311693,142.180327752311
33.56000000,1309.13793945312,3.41162157242757,142.204917916225
33.56500000,1327.423828125,3.46955919303536,142.22950808014
33.57000000,1341.44311523438,3.34371810690941,142.254098244054
33.57500000,1349.37036132812,3.31260475104376,142.278688407968
33.58000000,1354.04162597656,3.34613205445631,142.303278571883
33.58500000,1349.74267578125,3.29852034954848,142.327868735797
33.59000000,1336.01037597656,3.31753687102567,142.352458899711
33.59500000,1336.33520507812,3.34268148355232,142.377049063625
33.60000000,1333.09460449219,3.2961191086702,142.40163922754
33.60500000,1329.00427246094,3.31284354741265,142.426229391454
33.61000000,1313.73913574219,3.26622817610296,142.450819555368
33.61500000,1301.44165039062,3.30350975854646,142.475409719282
33.62000000,1303.35522460938,3.24278931501672,142.499999883197
33.62500000,1296.86840820312,3.31493803788974,142.524590047111
33.63000000,1302.58117675781,3.27313465877279,142.549180211025
33.63500000,1307.24951171875,3.39905216199461,142.57377037494
33.64000000,1330.06677246094,3.26697350864934,142.598360538854
33.64500000,1353.62719726562,3.3046460491428,142.622950702768
33.65000000,1365.64050292969,3.31754677789057,142.647540866682
33.65500000,1368.83215332031,3.32628365054158,142.672131030597
33.66000000,1372.89587402344,3.28730575132484,142.696721194511
33.66500000,1380.12878417969,3.20664196250149,142.696721194511
33.67000000,1383.29516601562,3.21368012289453,142.721311358425
33.67500000,1395.32666015625,3.23268667385945,142.745901522339
33.68000000,1402.89831542969,3.20511679804298,142.770491686254
33.68500000,1398.48608398438,3.18927847987756,142.795081850168
33.69000000,1380.39050292969,3.22682174774662,142.819672014082
33.69500000,1371.71862792969,3.21315994671884,142.844262177997
33.70000000,1386.9375,3.24305698331508,142.868852341911
33.70500000,1390.5224609375,3.28257668150644,142.893442505825
33.71000000,1409.09399414062,3.27475558462718,142.918032669739
33.71500000,1431.67736816406,3.32279191912473,142.942622833654
33.72000000,1461.92492675781,3.34472005033883,142.967212997568
33.72500000,1480.00927734375,3.34577449128713,142.991803161482
33.73000000,1493.28234863281,3.3471617724031,143.016393325396
33.73500000,1500.28576660156,3.36457270869593,143.040983489311
33.74000000,1510.06628417969,3.3924745373301,143.065573653225
33.74500000,1523.8251953125,3.37343695349953,143.090163817139
33.75000000,1518.85168457031,3.43545272104868,143.114753981053
33.75500000,1504.11145019531,3.40105188569225,143.139344144968
33.76000000,1477.39294433594,3.33995174979089,143.163934308882
33.76500000,1467.625,3.40098258633817,143.188524472796
33.77000000,1468.51110839844,3.34552965796558,143.213114636711
33.77500000,1472.23742675781,3.44073112867003,143.237704800625
33.78000000,1470.99291992187,3.38674517105195,143.262294964539
33.78500000,1475.88391113281,3.33757054690573,143.286885128453
33.79000000,1478.71301269531,3.39649036872572,143.311475292368
33.79500000,1488.650390625,3.36826173529828,143.336065456282
33.80000000,1511.29956054687,3.36562974073416,143.360655620196
33.80500000,1533.79614257813,3.37843964060309,143.38524578411
33.81000000,1549.50231933594,3.40474288732963,143.409835948025
33.81500000,1553.02001953125,3.44186711909764,143.434426111939
33.82000000,1550.17700195313,3.33155921195655,143.459016275853
33.82500000,1538.56115722656,3.43908710178432,143.483606439768
33.83000000,1516.37390136719,3.34228634771473,143.508196603682
33.83500000,1487.62854003906,3.43438373614056,143.532786767596
33.84000000,1458.03332519531,3.34382947658733,143.55737693151
33.84500000,1435.74108886719,3.45763034816656,143.581967095425
33.85000000,1431.47302246094,3.32608416651482,143.606557259339
33.85500000,1423.64245605469,3.33159046208066,143.631147423253
33.86000000,1405.6923828125,3.31938880170174,143.655737587167
33.86500000,1382.25085449219,3.2953866133215,143.680327751082
33.87000000,1370.63659667969,3.29021358036689,143.704917914996
33.87500000,1371.3994140625,3.24791508780994,143.72950807891
33.88000000,1370.84509277344,3.28504628400432,143.754098242825
33.88500000,1381.2177734375,3.31490180995971,143.778688406739
33.89000000,1388.21142578125,3.3135266960033,143.803278570653
33.89500000,1388.69995117188,3.32789815586659,143.827868734567
33.90000000,1375.98803710938,3.34719990194216,143.852458898482
33.90500000,1381.35925292969,3.34350247345509,143.877049062396
33.91000000,1377.34594726562,3.37785504171807,143.90163922631
33.91500000,1375.20422363281,3.4273920408419,143.926229390224
33.92000000,1380.07971191406,3.39575691433118,143.950819554139
33.92500000,1383.47155761719,3.43467917556886,143.975409718053
33.93000000,1366.70581054688,3.43690176388681,143.999999881967
33.93500000,1337.59924316406,3.43083697775031,144.024590045881
33.94000000,1319.25866699219,3.38982042283769,144.049180209796
33.94500000,1302.39770507812,3.38756462649054,144.07377037371
33.95000000,1303.68273925781,3.39724295643336,144.098360537624
33.95500000,1314.89965820312,3.35263456006481,144.122950701539
33.96000000,1312.70471191406,3.43715555858,144.147540865453
33.96500000,1295.01501464844,3.37196048353651,144.172131029367
33.97000000,1274.93310546875,3.35835062418008,144.196721193281
33.97500000,1284.13000488281,3.46823243364293,144.221311357196
33.98000000,1286.33898925781,3.33320207815489,144.24590152111
33.98500000,1308.77111816406,3.50613294012236,144.270491685024
33.99000000,1326.07727050781,3.36561420054952,144.295081848938
33.99500000,1343.39306640625,3.351153117871,144.319672012853
34.00000000,1358.890625,3.41838955547667,144.344262176767
34.00500000,1377.01000976562,3.3915621032872,144.393442504596
34.01000000,1383.43518066406,3.36546233266079,144.41803266851
34.01500000,1378.779296875,3.44324274492476,144.442622832424
34.02000000,1396.28979492188,3.4205414535339,144.467212996338
34.02500000,1410.48120117188,3.45576550124302,144.491803160253
34.03000000,1425.43420410156,3.40987084889885,144.516393324167
34.03500000,1424.90087890625,3.5339295676639,144.540983488081
34.04000000,1416.92321777344,3.40051390718689,144.565573651995
34.04500000,1416.81689453125,3.5174890946681,144.59016381591
34.05000000,1409.86389160156,3.49297754358394,144.614753979824
34.05500000,1420.79089355469,3.53856295387782,144.639344143738
34.06000000,1432.17297363281,3.4207650613726,144.663934307653
34.06500000,1432.98901367188,3.42666669534992,144.688524471567
34.07000000,1429.51892089844,3.39894911990098,144.713114635481
34.07500000,1444.07983398438,3.40904762487813,144.737704799395
34.08000000,1448.58032226562,3.37809338375716,144.76229496331
34.08500000,1448.521484375,3.34359468819219,144.786885127224
34.09000000,1456.24438476562,3.3835812232308,144.811475291138
34.09500000,1472.09045410156,3.39404083205212,144.836065455052
34.10000000,1484.24096679687,3.37386065962905,144.860655618967
34.10500000,1490.62414550781,3.38735270377638,144.885245782881
34.11000000,1493.97253417969,3.40853851532448,144.909835946795
34.11500000,1504.24304199219,3.40510262791484,144.93442611071
34.12000000,1518.54650878906,3.41285001727525,144.959016274624
34.12500000,1535.10925292969,3.39276684978634,144.983606438538
34.13000000,1525.85913085938,3.41918864362781,145.008196602452
34.13500000,1490.048828125,3.45857146403057,145.032786766367
34.14000000,1463.17346191406,3.45400279103837,145.057376930281
34.14500000,1435.16857910156,3.45991939063449,145.081967094195
34.15000000,1400.09313964844,3.46346840954742,145.106557258109
34.15500000,1370.91931152344,3.44929901257609,145.131147422024
34.16000000,1345.35144042969,3.38945757992847,145.155737585938
34.16500000,1326.02258300781,3.39931632864816,145.180327749852
34.17000000,1310.37683105469,3.31595764448931,145.204917913766
34.17500000,1285.94140625,3.22393045107406,145.229508077681
34.18000000,1272.94396972656,3.2693250156789,145.254098241595
34.18500000,1260.72912597656,3.24743531924475,145.278688405509
34.19000000,1253.86853027344,3.31417353397236,145.303278569424
34.19500000,1249.12170410156,3.33170361568416,145.327868733338
34.20000000,1240.82775878906,3.28071906717606,145.352458897252
34.20500000,1226.2373046875,3.3276294423374,145.377049061166
34.21000000,1223.04711914062,3.35694650474854,145.401639225081
34.21500000,1221.95666503906,3.37735668730105,145.426229388995
34.22000000,1207.705078125,3.41492986243188,145.450819552909
34.22500000,1193.73193359375,3.41201861407782,145.475409716823
34.23000000,1170.99597167969,3.4525708535547,145.499999880738
34.23500000,1149.58557128906,3.4535162413263,145.524590044652
34.24000000,1136.05627441406,3.52363842977876,145.549180208566
34.24500000,1151.85888671875,3.45998374084847,145.573770372481
34.25000000,1162.21911621094,3.49465393851704,145.598360536395
34.25500000,1174.10217285156,3.45610087702638,145.622950700309
34.26000000,1191.95837402344,3.54415335210583,145.647540864223
34.26500000,1201.64660644531,3.39681988391153,145.672131028138
34.27000000,1207.75122070312,3.39594622910664,145.696721192052
34.27500000,1195.44677734375,3.4229579256331,145.721311355966
34.28000000,1193.32604980469,3.47885257733659,145.74590151988
34.28500000,1196.86340332031,3.47557676510975,145.770491683795
34.29000000,1222.62585449219,3.38348074802008,145.795081847709
34.29500000,1244.89282226562,3.41620571149701,145.844262175538
34.30000000,1256.95092773438,3.45066484338654,145.868852339452
34.30500000,1252.14392089844,3.43172925584432,145.893442503366
34.31000000,1247.97668457031,3.40180183465305,145.91803266728
34.31500000,1249.25891113281,3.45843694017119,145.942622831195
34.32000000,1265.08117675781,3.42187893297319,145.967212995109
34.32500000,1297.34155273438,3.47611657217614,145.991803159023
34.33000000,1333.95825195312,3.47716048647097,146.016393322937
34.33500000,1356.2939453125,3.46113991001336,146.040983486852
34.34000000,1355.39807128906,3.55443571419117,146.065573650766
34.34500000,1362.5048828125,3.53250028078251,146.09016381468
34.35000000,1373.57897949219,3.5008243991352,146.114753978594
34.35500000,1381.88269042969,3.5058129965445,146.139344142509
34.36000000,1404.49975585938,3.54716049409557,146.163934306423
34.36500000,1412.1064453125,3.51117431761601,146.188524470337
34.37000000,1404,3.53022861842694,146.213114634252
34.37500000,1381.97509765625,3.52313243237949,146.237704798166
34.38000000,1379.22033691406,3.45066047062888,146.26229496208
34.38500000,1387.56604003906,3.46599502786015,146.286885125994
34.39000000,1395.90197753906,3.35611738148911,146.311475289909
34.39500000,1406.3349609375,3.40943065829749,146.336065453823
34.40000000,1397.9345703125,3.38162018359241,146.360655617737
34.40500000,1379.29443359375,3.34014727420948,146.385245781651
34.41000000,1355.65002441406,3.37882022287166,146.409835945566
34.41500000,1337.70556640625,3.35825630079284,146.43442610948
34.42000000,1319.81860351562,3.33333938626211,146.459016273394
34.42500000,1312.49194335938,3.36048200536046,146.483606437309
34.43000000,1322.25988769531,3.32654036803506,146.508196601223
34.43500000,1335.07678222656,3.33996079210834,146.532786765137
34.44000000,1347.61779785156,3.30017692632586,146.557376929051
34.44500000,1349.50329589844,3.34186534564762,146.581967092966
34.45000000,1344.1083984375,3.29001678495097,146.60655725688
34.45500000,1338.20959472656,3.31706384823166,146.631147420794
34.46000000,1346.94165039062,3.30670711516628,146.655737584708
34.46500000,1356.97424316406,3.38477780991496,146.680327748623
34.47000000,1360.24426269531,3.32236882645815,146.704917912537
34.47500000,1349.61950683594,3.29935029938771,146.729508076451
34.48000000,1322.61401367188,3.34417244891671,146.754098240366
34.48500000,1287.85632324219,3.38293103609821,146.77868840428
34.49000000,1247.81433105469,3.39787729674596,146.803278568194
34.49500000,1227.89196777344,3.36363222717485,146.827868732108
34.50000000,1211.92553710938,3.35302718468211,146.852458896023
34.50500000,1198.32897949219,3.36003406816855,146.877049059937
34.51000000,1186.58166503906,3.35467004465638,146.901639223851
34.51500000,1184.41467285156,3.3189876938269,146.926229387765
34.52000000,1184.74645996094,3.31033850680463,146.95081955168
34.52500000,1171.46350097656,3.29909655390761,146.975409715594
34.53000000,1175.15209960938,3.29555755792523,146.999999879508
34.53500000,1175.63635253906,3.32016430614918,147.024590043422
34.54000000,1184.72546386719,3.31111958478016,147.049180207337
34.54500000,1187.76586914062,3.33659711298245,147.073770371251
34.55000000,1197.2958984375,3.3668053151258,147.098360535165
34.55500000,1209.34704589844,3.37106470513921,147.12295069908
34.56000000,1218.18835449219,3.3776421664442,147.147540862994
34.56500000,1234.63488769531,3.37558487193627,147.172131026908
34.57000000,1253.11682128906,3.38672921476138,147.196721190822
34.57500000,1274.25280761719,3.36313581114164,147.221311354737
34.58000000,1279.10046386719,3.40892358932204,147.245901518651
34.58500000,1277.88952636719,3.40806004588269,147.270491682565
34.59000000,1274.27941894531,3.34769895207771,147.295081846479
34.59500000,1280.07189941406,3.37688365815225,147.319672010394
34.60000000,1295.06127929688,3.31749395630761,147.344262174308
34.60500000,1298.87158203125,3.36373493332153,147.368852338222
34.61000000,1307.12780761719,3.33068753749179,147.393442502137
34.61500000,1304.95520019531,3.25542615438807,147.418032666051
34.62000000,1323.05358886719,3.29200969074513,147.442622829965
34.62500000,1349.828125,3.28844432775952,147.467212993879
34.63000000,1384.42761230469,3.26298559282598,147.491803157794
34.63500000,1397.15771484375,3.31193548657966,147.516393321708
34.64000000,1400.36328125,3.32478927876156,147.540983485622
34.64500000,1400.00073242188,3.33256670602965,147.565573649536
34.65000000,1401.48449707031,3.33330219077733,147.590163813451
34.65500000,1420.43542480469,3.34976303934109,147.614753977365
34.66000000,1448.5634765625,3.34269420949591,147.639344141279
34.66500000,1470.53796386719,3.33626285422359,147.663934305194
34.67000000,1472.68530273438,3.3627637677127,147.688524469108
34.67500000,1476.75048828125,3.40503185148042,147.713114633022
34.68000000,1484.72106933594,3.3884372706519,147.737704796936
34.68500000,1474.21118164062,3.32360593079082,147.762294960851
34.69000000,1456.2080078125,3.33553998289683,147.786885124765
34.69500000,1441.1220703125,3.32981508343259,147.811475288679
34.70000000,1437.73864746094,3.32218140712994,147.836065452593
34.70500000,1442.72338867187,3.28445889452775,147.860655616508
34.71000000,1436.28002929688,3.24586188939413,147.885245780422
34.71500000,1422.63732910156,3.27623463571979,147.909835944336
34.72000000,1411.84887695312,3.27428201050917,147.93442610825
34.72500000,1422.23413085938,3.23468360331547,147.959016272165
34.73000000,1439.14831542969,3.24776170709935,147.983606436079
34.73500000,1462.57299804687,3.2506484995058,148.008196599993
34.74000000,1480.63781738281,3.25750890647791,148.032786763908
34.74500000,1473.6806640625,3.29277242746672,148.057376927822
34.75000000,1449.01989746094,3.27833951794707,148.081967091736
34.75500000,1424.17858886719,3.28631448623203,148.10655725565
34.76000000,1410.17468261719,3.35130900185947,148.131147419565
34.76500000,1400.69506835938,3.37410990345709,148.155737583479
34.77000000,1387.16430664062,3.37759159039876,148.180327747393
34.77500000,1365.24304199219,3.38144759196521,148.204917911307
34.78000000,1341.38293457031,3.35670188941804,148.229508075222
34.78500000,1323.87805175781,3.38626118110262,148.254098239136
34.79000000,1302.32214355469,3.37046490192775,148.27868840305
34.79500000,1286.63427734375,3.40612885615462,148.303278566965
34.80000000,1267.80944824219,3.31091150514861,148.327868730879
34.80500000,1269.7314453125,3.28288234833107,148.352458894793
34.81000000,1277.76220703125,3.32885877970402,148.377049058707
34.81500000,1296.4638671875,3.26054796537755,148.401639222622
34.82000000,1298.90942382812,3.40186234873064,148.426229386536
34.82500000,1293.18408203125,3.29128397829256,148.45081955045
34.83000000,1292.00817871094,3.29838213836161,148.475409714364
34.83500000,1298.88415527344,3.36211387815565,148.499999878279
34.84000000,1320.21057128906,3.32096192651312,148.524590042193
34.84500000,1333.27099609375,3.37319523454017,148.549180206107
34.85000000,1342.26342773438,3.39510341385939,148.573770370022
34.85500000,1320.39672851562,3.38058438071401,148.598360533936
34.86000000,1281.84265136719,3.41969448270791,148.62295069785
34.86500000,1257.43664550781,3.3382535994463,148.647540861764
34.87000000,1247.11022949219,3.41084884817141,148.672131025679
34.87500000,1257.70544433594,3.31452607706757,148.696721189593
34.88000000,1252.08520507812,3.36971900860457,148.721311353507
34.88500000,1244.51208496094,3.30856026097743,148.745901517421
34.89000000,1249.19177246094,3.39846380433457,148.770491681336
34.89500000,1259.9423828125,3.28037426310424,148.79508184525
34.90000000,1273.97424316406,3.33686902305495,148.819672009164
34.90500000,1293.44311523438,3.33411229404453,148.844262173078
34.91000000,1306.0849609375,3.3768778499434,148.868852336993
34.91500000,1315.27478027344,3.34319233425352,148.893442500907
34.92000000,1323.21179199219,3.28474725647812,148.918032664821
34.92500000,1337.33178710938,3.34189264490444,148.942622828736
34.93000000,1348.40454101562,3.36244053984322,148.96721299265
34.93500000,1358.55187988281,3.32844368597487,148.991803156564
34.94000000,1372.52075195312,3.31045587872484,149.016393320478
34.94500000,1392.86437988281,3.32838450820597,149.040983484393
34.95000000,1406.00451660156,3.29090583897726,149.065573648307
34.95500000,1415.51354980469,3.30689442527238,149.090163812221
34.96000000,1409.2353515625,3.2758645848132,149.114753976135
34.96500000,1388.14416503906,3.26099007113465,149.13934414005
34.97000000,1374.57287597656,3.32052580726748,149.163934303964
34.97500000,1383.2265625,3.29756455468572,149.188524467878
34.98000000,1400.54663085938,3.29521248346006,149.213114631793
34.98500000,1402.9697265625,3.29573473318604,149.213114631793
34.99000000,1404.88745117188,3.29706700055224,149.237704795707
34.99500000,1412.23095703125,3.35958006103969,149.262294959621
35.00000000,1424.87280273438,3.30268295913037,149.286885123535
35.00500000,1439.94616699219,3.33735924363572,149.31147528745
35.01000000,1459.65161132813,3.23041961971007,149.336065451364
35.01500000,1466.20129394531,3.18719377093484,149.360655615278
35.02000000,1453.04577636719,3.29240078361457,149.385245779192
35.02500000,1449.16687011719,3.20692011939388,149.409835943107
35.03000000,1449.24523925781,3.32308815177413,149.434426107021
35.03500000,1449.14587402344,3.26259681067446,149.459016270935
35.04000000,1443.486328125,3.21257102061827,149.48360643485
35.04500000,1444.232421875,3.288997652973,149.508196598764
35.05000000,1445.96118164062,3.28117780787329,149.532786762678
35.05500000,1445.42504882813,3.29328453230927,149.557376926592
35.06000000,1444.48156738281,3.33608007837747,149.581967090507
35.06500000,1435.24975585938,3.32427457730975,149.606557254421
35.07000000,1414.19641113281,3.34311065910021,149.631147418335
35.07500000,1374.45532226562,3.27252502320044,149.655737582249
35.08000000,1343.78503417969,3.30472608063599,149.680327746164
35.08500000,1319.90258789062,3.26183550595575,149.704917910078
35.09000000,1316.0810546875,3.24636933119312,149.729508073992
35.09500000,1312.822265625,3.248215594317,149.754098237906
35.10000000,1311.27551269531,3.27147781332966,149.778688401821
35.10500000,1321.10510253906,3.26117984716567,149.803278565735
35.11000000,1349.9736328125,3.20620713705234,149.827868729649
35.11500000,1392.69360351562,3.24224211595473,149.852458893564
35.12000000,1414.53234863281,3.2670937295701,149.877049057478
35.12500000,1420.52075195312,3.30146662110352,149.901639221392
35.13000000,1412.81896972656,3.26653312663875,149.926229385306
35.13500000,1414.64575195312,3.26054144118556,149.950819549221
35.14000000,1418.51477050781,3.31736074737418,149.975409713135
35.14500000,1410.95715332031,3.32669032809704,149.999999877049
35.15000000,1404.57397460938,3.33368955771414,150.024590040963
35.15500000,1365.46838378906,3.32421487906469,150.049180204878
35.16000000,1314.23193359375,3.35983396746627,150.073770368792
35.16500000,1265.849609375,3.33120126830234,150.098360532706
35.17000000,1245.63757324219,3.33574683381682,150.122950696621
35.17500000,1238.39770507812,3.28711450618566,150.147540860535
35.18000000,1246.81201171875,3.23804895346455,150.172131024449
35.18500000,1274.9541015625,3.25476264622398,150.196721188363
35.19000000,1305.39758300781,3.23685955285404,150.221311352278
35.19500000,1341.29333496094,3.25034824358771,150.245901516192
35.20000000,1377.86669921875,3.22932095723232,150.270491680106
35.20500000,1416.12670898438,3.2358423287382,150.29508184402
35.21000000,1442.24047851562,3.26000522275826,150.319672007935
35.21500000,1477.50634765625,3.23056636339239,150.319672007935
35.22000000,1506.775390625,3.33934000137378,150.344262171849
35.22500000,1515.92175292969,3.25281069154234,150.368852335763
35.23000000,1491.21350097656,3.18767095330219,150.393442499678
35.23500000,1456.33251953125,3.24672582799588,150.418032663592
35.24000000,1436.0029296875,3.15432790415959,150.442622827506
35.24500000,1406.47351074219,3.26327259018252,150.46721299142
35.25000000,1385.78820800781,3.22360229701123,150.491803155335
35.25500000,1371.4638671875,3.17409452577276,150.516393319249
35.26000000,1361.60339355469,3.18757200970677,150.540983483163
35.26500000,1352.32263183594,3.18449731820467,150.565573647077
35.27000000,1376.03845214844,3.164883572285,150.590163810992
35.27500000,1424.78039550781,3.19619102581334,150.614753974906
35.28000000,1457.70861816406,3.21195242856336,150.63934413882
35.28500000,1475.74536132813,3.20127629206001,150.663934302734
35.29000000,1480.66296386719,3.21175463293698,150.688524466649
35.29500000,1497.03955078125,3.18538509567513,150.713114630563
35.30000000,1516.65673828125,3.24803595222807,150.737704794477
35.30500000,1524.38659667969,3.19882931318813,150.762294958392
35.31000000,1518.38549804687,3.32448720153101,150.786885122306
35.31500000,1503.89025878906,3.30563337221878,150.81147528622
35.32000000,1510.03271484375,3.42255411946676,150.836065450134
35.32500000,1506.94470214844,3.29369567368408,150.860655614049
35.33000000,1495.15954589844,3.30079136310309,150.885245777963
35.33500000,1477.92907714844,3.31032960111261,150.909835941877
35.34000000,1464.32141113281,3.35249824117451,150.934426105791
35.34500000,1447.09228515625,3.32482653627252,150.959016269706
35.35000000,1432.22888183594,3.26593676891827,150.98360643362
35.35500000,1441.29565429687,3.27108455791818,151.008196597534
35.36000000,1456.58728027344,3.27401749216872,151.032786761449
35.36500000,1461.28369140625,3.23158407712476,151.057376925363
35.37000000,1458.82702636719,3.22287411710526,151.081967089277
35.37500000,1467.36596679687,3.23651791078524,151.081967089277
35.38000000,1475.91760253906,3.20859410859987,151.106557253191
35.38500000,1483.67395019531,3.23392634256697,151.131147417106
35.39000000,1482.37915039062,3.26151020039645,151.15573758102
35.39500000,1469.359375,3.25205150898571,151.180327744934
35.40000000,1453.51330566406,3.31818317273566,151.204917908848
35.40500000,1442.13269042969,3.36652857384893,151.229508072763
35.41000000,1447.10485839844,3.33625191016391,151.254098236677
35.41500000,1446.90893554687,3.33898464293443,151.278688400591
35.42000000,1454.43298339844,3.33159317322152,151.303278564506
35.42500000,1468.74206542969,3.35913053130794,151.32786872842
35.43000000,1485.39721679687,3.32880599513049,151.352458892334
35.43500000,1494.58288574219,3.38500857293821,151.377049056248
35.44000000,1499.93432617187,3.29807864292599,151.401639220163
35.44500000,1498.32592773438,3.20800562962611,151.426229384077
35.45000000,1485.78210449219,3.2390111699404,151.450819547991
35.45500000,1478.38684082031,3.1627744444985,151.475409711905
35.46000000,1473.564453125,3.22019149074199,151.49999987582
35.46500000,1465.83044433594,3.21428576645101,151.524590039734
35.47000000,1439.23510742188,3.15642191747948,151.549180203648
35.47500000,1414.37268066406,3.18869767172364,151.573770367562
35.48000000,1394.08081054688,3.19876834134368,151.598360531477
35.48500000,1382.564453125,3.15710337596896,151.622950695391
35.49000000,1385.27587890625,3.16643522700113,151.647540859305
35.49500000,1388.71667480469,3.16914918791277,151.67213102322
35.50000000,1385.58386230469,3.14969360212312,151.696721187134
35.50500000,1390.32373046875,3.18952936776456,151.721311351048
35.51000000,1395.39807128906,3.12935287898025,151.745901514962
35.51500000,1411.65710449219,3.20575560605176,151.770491678877
35.52000000,1424.62927246094,3.10312040449547,151.770491678877
35.52500000,1444.380859375,3.19017916981636,151.795081842791
35.53000000,1437.36206054688,3.14802897134368,151.819672006705
35.53500000,1428.50964355469,3.26219733497628,151.844262170619
35.54000000,1408.71459960938,3.17611411905637,151.868852334534
35.54500000,1394.79333496094,3.19156116684392,151.893442498448
35.55000000,1378.89965820312,3.23327890488794,151.918032662362
35.55500000,1367.87609863281,3.27773134251164,151.942622826277
35.56000000,1369.20874023438,3.28403838901459,151.967212990191
35.56500000,1375.81311035156,3.22582264565486,151.991803154105
35.57000000,1384.24011230469,3.19026378860845,152.016393318019
35.57500000,1395.53527832031,3.20804883603415,152.040983481934
35.58000000,1420.24084472656,3.20535192170974,152.065573645848
35.58500000,1433.12341308594,3.19134239773392,152.090163809762
35.59000000,1432.56494140625,3.21097356501247,152.114753973676
35.59500000,1437.05688476562,3.22257489667904,152.139344137591
35.60000000,1434.9599609375,3.23697970152462,152.163934301505
35.60500000,1436.77416992188,3.26938306599245,152.188524465419
35.61000000,1426.66748046875,3.28000732137993,152.213114629334
35.61500000,1426.37622070312,3.28362686248055,152.237704793248
35.62000000,1430.72412109375,3.34271670346134,152.262294957162
35.62500000,1447.22668457031,3.34616219048119,152.286885121076
35.63000000,1468.77001953125,3.31479929528596,152.311475284991
35.63500000,1472.11706542969,3.29314858390753,152.336065448905
35.64000000,1480.32275390625,3.26635290603928,152.360655612819
35.64500000,1500.94787597656,3.26495227579865,152.385245776733
35.65000000,1531.10290527344,3.21885203911337,152.409835940648
35.65500000,1545.27478027344,3.30095822591398,152.434426104562
35.66000000,1558.01599121094,3.23611433107205,152.459016268476
35.66500000,1568.62109375,3.19863727553776,152.48360643239
35.67000000,1573.52612304687,3.29975735560284,152.48360643239
35.67500000,1566.74951171875,3.18293215702184,152.508196596305
35.68000000,1562.14416503906,3.33712449747868,152.532786760219
35.68500000,1557.63525390625,3.24779550619276,152.557376924133
35.69000000,1543.36401367187,3.23828302378346,152.581967088048
35.69500000,1528.78479003906,3.33542004601458,152.606557251962
35.70000000,1517.34265136719,3.29335353912389,152.631147415876
35.70500000,1502.65148925781,3.3322555588827,152.65573757979
35.71000000,1478.96215820313,3.33204909597823,152.680327743705
35.71500000,1459.96228027344,3.33493860183367,152.704917907619
35.72000000,1451.42333984375,3.3604667034283,152.729508071533
35.72500000,1445.33276367187,3.30864598636391,152.754098235447
35.73000000,1451.822265625,3.3175901537723,152.778688399362
35.73500000,1461.76806640625,3.21615725804434,152.803278563276
35.74000000,1463.5654296875,3.21747234723147,152.82786872719
35.74500000,1469.5693359375,3.20661500910651,152.852458891105
35.75000000,1490.66333007813,3.28001117346456,152.877049055019
35.75500000,1520.94152832031,3.24027328448363,152.901639218933
35.76000000,1547.70068359375,3.22105941088147,152.926229382847
35.76500000,1577.03271484375,3.26011186932695,152.950819546762
35.77000000,1598.80981445313,3.30022834223827,152.975409710676
35.77500000,1608.39025878906,3.3268234073484,152.99999987459
35.78000000,1594.99523925781,3.30378633062061,153.024590038504
35.78500000,1571.90649414062,3.28613394267595,153.049180202419
35.79000000,1549.72619628906,3.30059609283962,153.073770366333
35.79500000,1515.34924316406,3.2965925800663,153.098360530247
35.80000000,1490.62548828125,3.26848527401925,153.122950694162
35.80500000,1453.44470214844,3.2714578956176,153.147540858076
35.81000000,1399.47302246094,3.26786774478736,153.17213102199
35.81500000,1343.89978027344,3.22834211368183,153.196721185904
35.82000000,1310.81628417969,3.241146505517,153.221311349819
35.82500000,1293.47668457031,3.21162487610025,153.245901513733
35.83000000,1283.06750488281,3.20484824728886,153.270491677647
35.83500000,1294.27319335938,3.25527904866606,153.295081841561
35.84000000,1314.1884765625,3.2742644713541,153.319672005476
35.84500000,1328.41491699219,3.26911720433688,153.34426216939
35.85000000,1328.04675292969,3.29350174721868,153.368852333304
35.85500000,1340.72497558594,3.29429041776336,153.393442497218
35.86000000,1351.71228027344,3.32711572823776,153.418032661133
35.86500000,1344.60815429688,3.32069033044111,153.442622825047
35.87000000,1340.18054199219,3.39750567316535,153.467212988961
35.87500000,1332.28125,3.31059396329896,153.491803152876
35.88000000,1325.96667480469,3.24383129753956,153.51639331679
35.88500000,1316.59619140625,3.29122126577065,153.540983480704
35.89000000,1313.24084472656,3.16839239726301,153.540983480704
35.89500000,1303.82556152344,3.32185944574814,153.565573644618
35.90000000,1285.44860839844,3.20703446890084,153.590163808533
35.90500000,1296.02294921875,3.17323852945056,153.614753972447
35.91000000,1297.0224609375,3.24932219464149,153.639344136361
35.91500000,1313.23376464844,3.20327964091828,153.663934300275
35.92000000,1326.86389160156,3.20240021135933,153.68852446419
35.92500000,1350.0576171875,3.23314866086881,153.713114628104
35.93000000,1358.49865722656,3.23372728619359,153.737704792018
35.93500000,1376.29467773438,3.25940314795035,153.762294955933
35.94000000,1413.892578125,3.21059251978196,153.786885119847
35.94500000,1446.85571289062,3.25339155512123,153.811475283761
35.95000000,1475.88537597656,3.23736732519943,153.836065447675
35.95500000,1499.39685058594,3.25491437660227,153.86065561159
35.96000000,1507.21350097656,3.27959494286211,153.885245775504
35.96500000,1500.15551757813,3.30391075996866,153.909835939418
35.97000000,1498.01245117187,3.28415023588048,153.934426103332
35.97500000,1501.01928710938,3.20967207091886,153.959016267247
35.98000000,1478.64306640625,3.2285236748703,153.983606431161
35.98500000,1453.94165039062,3.23506923168752,154.008196595075
35.99000000,1440.06237792969,3.27568044812618,154.03278675899
35.99500000,1440.35913085938,3.25929060097082,154.057376922904
36.00000000,1434.37622070312,3.22125885448371,154.081967086818
36.00500000,1438.08020019531,3.29549073536697,154.106557250732
36.01000000,1433.46496582031,3.29410605595665,154.131147414647
36.01500000,1429.50622558594,3.32683430833496,154.155737578561
36.02000000,1438.70458984375,3.31236601231646,154.180327742475
36.02500000,1471.93359375,3.35820110949076,154.204917906389
36.03000000,1498.66333007813,3.29929889445993,154.229508070304
36.03500000,1510.39111328125,3.32352698339627,154.254098234218
36.04000000,1525.44897460938,3.30923195649951,154.278688398132
36.04500000,1536.51611328125,3.26824247326562,154.303278562046
36.05000000,1542.71875,3.29126888592817,154.327868725961
36.05500000,1536.55249023438,3.28263018069362,154.352458889875
36.06000000,1526.31408691406,3.26067583630393,154.377049053789
36.06500000,1511.58654785156,3.23706467728343,154.401639217704
36.07000000,1484.75610351562,3.23103290014094,154.426229381618
36.07500000,1460.53759765625,3.23199438513102,154.426229381618
36.08000000,1427.12097167969,3.19661462524335,154.450819545532
36.08500000,1398.85571289062,3.2875756207736,154.475409709446
36.09000000,1379.17272949219,3.22889018416603,154.499999873361
36.09500000,1386.41674804688,3.18124683540434,154.524590037275
36.10000000,1394.60717773438,3.25143975771959,154.549180201189
36.10500000,1388.89025878906,3.18608054616249,154.573770365103
36.11000000,1386.81994628906,3.30154596860008,154.598360529018
36.11500000,1377.35571289062,3.273609400857,154.622950692932
36.12000000,1374.43432617188,3.23603069691512,154.647540856846
36.12500000,1382.70166015625,3.28132446360965,154.672131020761
36.13000000,1404.89025878906,3.27422064174989,154.696721184675
36.13500000,1415.00830078125,3.26826414818122,154.721311348589
36.14000000,1422.806640625,3.29278977916909,154.745901512503
36.14500000,1428.95336914062,3.2842774033937,154.770491676418
36.15000000,1423.99377441406,3.27931001790035,154.795081840332
36.15500000,1422.80810546875,3.2443875183101,154.819672004246
36.16000000,1422.02563476562,3.23563065666531,154.84426216816
36.16500000,1425.07299804688,3.21664535569806,154.868852332075
36.17000000,1405.94995117188,3.16485532470478,154.893442495989
36.17500000,1387.0537109375,3.19560369893587,154.918032659903
36.18000000,1360.57458496094,3.18667461190986,154.942622823818
36.18500000,1327.88159179688,3.26248289876639,154.967212987732
36.19000000,1292.99230957031,3.15347615689542,154.991803151646
36.19500000,1276.01806640625,3.19767111300289,155.01639331556
36.20000000,1270.32775878906,3.19543630117597,155.040983479475
36.20500000,1275.61206054688,3.23801268289233,155.065573643389
36.21000000,1306.70642089844,3.22627719583349,155.090163807303
36.21500000,1347.38684082031,3.18614611759928,155.090163807303
36.22000000,1390.61901855469,3.20246401428826,155.114753971217
36.22500000,1424.82385253906,3.22993749934754,155.139344135132
36.23000000,1460.81481933594,3.23199629172793,155.163934299046
36.23500000,1487.33728027344,3.23504639598234,155.18852446296
36.24000000,1507.06506347656,3.27101353441835,155.213114626874
36.24500000,1538.55419921875,3.27287202312525,155.237704790789
36.25000000,1542.53393554687,3.29031938983725,155.262294954703
36.25500000,1532.55871582031,3.29831527605314,155.286885118617
36.26000000,1507.40380859375,3.25343222666669,155.311475282532
36.26500000,1489.63159179687,3.27476831105148,155.336065446446
36.27000000,1472.88549804687,3.26281641576006,155.36065561036
36.27500000,1469.46997070313,3.24304343887107,155.385245774274
36.28000000,1480.55383300781,3.20073344659939,155.409835938189
36.28500000,1481.77722167969,3.19170211684245,155.434426102103
36.29000000,1486.421875,3.2069990329515,155.459016266017
36.29500000,1492.96887207031,3.18629706865523,155.483606429931
36.30000000,1500.5712890625,3.20187181518502,155.508196593846
36.30500000,1504.08068847656,3.2376493668201,155.53278675776
36.31000000,1528.23193359375,3.18388829378566,155.557376921674
36.31500000,1565.27966308594,3.1847001879434,155.581967085589
36.32000000,1595.03308105469,3.2400802493847,155.606557249503
36.32500000,1606.81396484375,3.19284088050996,155.631147413417
36.33000000,1614.73559570313,3.33697391155025,155.655737577331
36.33500000,1620.62194824219,3.24289523792475,155.680327741246
36.34000000,1618.23937988281,3.25763546763518,155.70491790516
36.34500000,1615.79528808594,3.30648783372268,155.729508069074
36.35000000,1606.18542480469,3.27020703374324,155.754098232988
36.35500000,1589.88732910156,3.24252681400889,155.778688396903
36.36000000,1569.47216796875,3.28037408132605,155.803278560817
36.36500000,1559.74060058594,3.208872914702,155.803278560817
36.37000000,1562.40026855469,3.25858504728733,155.827868724731
36.37500000,1558.63330078125,3.20377402075236,155.852458888646
36.38000000,1552.08630371094,3.2556961654681,155.87704905256
36.38500000,1544.91638183594,3.20287168934037,155.901639216474
36.39000000,1549.11865234375,3.27751396798791,155.926229380388
36.39500000,1554.58227539062,3.2530698982925,155.950819544303
36.40000000,1560.27673339844,3.34861840812028,155.975409708217
36.40500000,1559.53479003906,3.26792624179395,155.999999872131
36.41000000,1554.19165039062,3.2688143944483,156.024590036045
36.41500000,1565.8046875,3.29509223728842,156.04918019996
36.42000000,1582.04821777344,3.33287218870655,156.073770363874
36.42500000,1586.587890625,3.34391929935039,156.098360527788
36.43000000,1595.37316894531,3.29519580189277,156.122950691702
36.43500000,1606.14343261719,3.28319737491486,156.147540855617
36.44000000,1609.60241699219,3.30479894113074,156.172131019531
36.44500000,1599.92407226562,3.27888161252023,156.196721183445
36.45000000,1592.62817382813,3.25932707775619,156.22131134736
36.45500000,1578.43530273438,3.26184363175105,156.245901511274
36.46000000,1571.20520019531,3.24146027348314,156.270491675188
36.46500000,1562.32604980469,3.24652852233464,156.295081839102
36.47000000,1557.0458984375,3.29031042111533,156.319672003017
36.47500000,1548.10241699219,3.28545388151645,156.344262166931
36.48000000,1525.72485351562,3.29635326240163,156.368852330845
36.48500000,1509.43359375,3.3516047680087,156.393442494759
36.49000000,1487.85107421875,3.33624660482698,156.418032658674
36.49500000,1469.05834960938,3.31571820550606,156.442622822588
36.50000000,1443.82092285156,3.30675720016418,156.467212986502
36.50500000,1415.89855957031,3.31235577652063,156.491803150417
36.51000000,1401.42150878906,3.31619655342688,156.516393314331
36.51500000,1394.77795410156,3.30423967759113,156.540983478245
36.52000000,1412.41577148438,3.31518866893939,156.565573642159
36.52500000,1429.04711914062,3.23963361233827,156.590163806074
36.53000000,1439.91540527344,3.24561375761468,156.614753969988
36.53500000,1444.30944824219,3.29928756653693,156.639344133902
36.54000000,1459.72570800781,3.23759501186825,156.663934297816
36.54500000,1455.46752929687,3.33048211260863,156.688524461731
36.55000000,1443.13073730469,3.22269482334156,156.713114625645
36.55500000,1430.02282714844,3.21086866230334,156.737704789559
36.56000000,1408.92321777344,3.26666325197456,156.762294953474
36.56500000,1376.3310546875,3.23133003116221,156.786885117388
36.57000000,1341.07641601562,3.20685752461245,156.811475281302
36.57500000,1330.97106933594,3.25723650091969,156.836065445216
36.58000000,1337.56420898438,3.20366363726534,156.836065445216
36.58500000,1349.65173339844,3.2490719899698,156.860655609131
36.59000000,1384.75793457031,3.19436572267468,156.885245773045
36.59500000,1425.10375976562,3.24504105315215,156.909835936959
36.60000000,1460.33471679687,3.18076496481161,156.934426100873
36.60500000,1477.04858398438,3.23766503246714,156.959016264788
36.61000000,1504.50903320313,3.21010046793687,156.983606428702
36.61500000,1532.95495605469,3.28389757870116,157.008196592616
36.62000000,1554.60046386719,3.21144196942725,157.03278675653
36.62500000,1569.53942871094,3.17967055586415,157.057376920445
36.63000000,1567.99816894531,3.20348816460567,157.081967084359
36.63500000,1561.1474609375,3.23249076503322,157.106557248273
36.64000000,1548.04223632813,3.24471214893725,157.131147412188
36.64500000,1540.47473144531,3.21222566941404,157.155737576102
36.65000000,1531.205078125,3.17809189935727,157.180327740016
36.65500000,1519.78527832031,3.19335328631109,157.20491790393
36.66000000,1515.04968261719,3.21583905683086,157.229508067845
36.66500000,1512.16882324219,3.18482803334605,157.254098231759
36.67000000,1519.89733886719,3.22232921545317,157.278688395673
36.67500000,1532.0673828125,3.21364476113707,157.303278559587
36.68000000,1545.19494628906,3.2014588663045,157.327868723502
36.68500000,1562.51647949219,3.18815439647885,157.352458887416
36.69000000,1587.09460449219,3.18701937545595,157.37704905133
36.69500000,1618.36401367187,3.12903324776693,157.37704905133
36.70000000,1637.16369628906,3.15990924576051,157.401639215245
36.70500000,1645.40588378906,3.1936405337237,157.426229379159
36.71000000,1637.29797363281,3.17944247241266,157.450819543073
36.71500000,1621.43798828125,3.20450878485358,157.475409706987
36.72000000,1604.31530761719,3.19642316583622,157.499999870902
36.72500000,1609.19372558594,3.20537837757615,157.524590034816
36.73000000,1613.24340820313,3.19169343847811,157.54918019873
36.73500000,1598.75378417969,3.24897716054703,157.573770362644
36.74000000,1587.45715332031,3.2654950949881,157.598360526559
36.74500000,1589.90551757813,3.22028081298643,157.622950690473
36.75000000,1590.9931640625,3.25117413754737,157.647540854387
36.75500000,1583.69299316406,3.2418924428768,157.672131018302
36.76000000,1580.34887695313,3.24623792312471,157.696721182216
36.76500000,1564.88635253906,3.28475742014502,157.72131134613
36.77000000,1540.21166992187,3.20787774325883,157.745901510044
36.77500000,1511.03784179687,3.22882258484232,157.770491673959
36.78000000,1485.74291992187,3.25824462030185,157.795081837873
36.78500000,1462.87390136719,3.21857219380641,157.819672001787
36.79000000,1446.48754882813,3.21965950599335,157.844262165701
36.79500000,1448.89392089844,3.26087942506108,157.868852329616
36.80000000,1465.71704101562,3.24800185182757,157.89344249353
36.80500000,1474.60314941406,3.31962051424834,157.918032657444
36.81000000,1474.552734375,3.26940369682218,157.942622821358
36.81500000,1485.50500488281,3.35788209377198,157.967212985273
36.82000000,1491.11401367187,3.24929619244263,157.991803149187
36.82500000,1484.86242675781,3.34320514113614,158.016393313101
36.83000000,1481.02551269531,3.30583691417553,158.040983477016
36.83500000,1461.74426269531,3.41569452156698,158.06557364093
36.84000000,1431.123046875,3.26888630204779,158.090163804844
36.84500000,1387.36450195312,3.31658431815929,158.114753968758
36.85000000,1355.33776855469,3.3001677951318,158.139344132673
36.85500000,1325.84765625,3.35662171211246,158.163934296587
36.86000000,1308.93212890625,3.35179820841367,158.188524460501
36.86500000,1319.16772460938,3.30018903992621,158.213114624415
36.87000000,1330.41394042969,3.3163856454488,158.23770478833
36.87500000,1350.95910644531,3.34051924690363,158.262294952244
36.88000000,1370.52600097656,3.32675766883126,158.286885116158
36.88500000,1407.01806640625,3.31632082208757,158.311475280073
36.89000000,1427.08312988281,3.34904342899966,158.336065443987
36.89500000,1446.34753417969,3.30626960158479,158.336065443987
36.90000000,1480.75671386719,3.33359322258412,158.360655607901
36.90500000,1494.73400878906,3.3115136001635,158.385245771815
36.91000000,1499.83215332031,3.2877824194063,158.40983593573
36.91500000,1495.49829101562,3.35430480064588,158.434426099644
36.92000000,1489.48181152344,3.36490303759185,158.459016263558
36.92500000,1475.29602050781,3.32465712711562,158.483606427472
36.93000000,1472.77917480469,3.3188728028184,158.508196591387
36.93500000,1478.18103027344,3.2999166172631,158.532786755301
36.94000000,1470.62341308594,3.26928808145259,158.557376919215
36.94500000,1457.34460449219,3.20112824186753,158.58196708313
36.95000000,1453.51745605469,3.25680702357548,158.606557247044
36.95500000,1462.52258300781,3.18928910344845,158.631147410958
36.96000000,1473.47766113281,3.12745870144272,158.655737574872
36.96500000,1501.09765625,3.16867911869068,158.680327738787
36.97000000,1524.7099609375,3.12290725381363,158.704917902701
36.97500000,1540.02819824219,3.14767025291234,158.729508066615
36.98000000,1559.88623046875,3.171533104147,158.754098230529
36.98500000,1587.892578125,3.10736983357698,158.778688394444
36.99000000,1603.45715332031,3.12695947076818,158.803278558358
36.99500000,1606.89233398438,3.1631009230321,158.827868722272
37.00000000,1612.65124511719,3.12521140415226,158.852458886186
37.00500000,1608.60852050781,3.13719481666998,158.877049050101
37.01000000,1604.21166992187,3.16342016877616,158.901639214015
37.01500000,1592.44055175781,3.14029214378681,158.926229377929
37.02000000,1587.11145019531,3.16298658903742,158.926229377929
37.02500000,1585.52819824219,3.07997931153175,158.950819541844
37.03000000,1591.1806640625,3.18000594130127,158.975409705758
37.03500000,1615.94372558594,3.1196540393836,158.999999869672
37.04000000,1629.50939941406,3.16261314678552,159.024590033586
37.04500000,1633.86987304687,3.15763219920521,159.049180197501
37.05000000,1628.02282714844,3.20475660662289,159.073770361415
37.05500000,1626.96447753906,3.1774039202799,159.098360525329
37.06000000,1617.3798828125,3.14859901369788,159.122950689243
37.06500000,1617.65991210938,3.18543501599049,159.147540853158
37.07000000,1611.31164550781,3.20606628794082,159.172131017072
37.07500000,1588.67639160156,3.25619363510872,159.196721180986
37.08000000,1566.95812988281,3.26032968773813,159.221311344901
37.08500000,1555.43896484375,3.24322219048456,159.245901508815
37.09000000,1565.42248535156,3.27474803615591,159.270491672729
37.09500000,1576.4755859375,3.27794657906916,159.295081836643
37.10000000,1575.64123535156,3.27809874006813,159.319672000558
37.10500000,1552.39990234375,3.28194162948765,159.344262164472
37.11000000,1516.16821289062,3.29615285811972,159.368852328386
37.11500000,1478.20629882813,3.27116616422211,159.3934424923
37.12000000,1439.77404785156,3.29392932115115,159.418032656215
37.12500000,1416.24853515625,3.27680911802354,159.442622820129
37.13000000,1399.09643554688,3.28022382606469,159.467212984043
37.13500000,1394.33422851562,3.33076065123536,159.491803147958
37.14000000,1387.78857421875,3.36530901424399,159.516393311872
37.14500000,1369.04077148438,3.32521141235414,159.540983475786
37.15000000,1347.02001953125,3.33651665316427,159.5655736397
37.15500000,1330.93469238281,3.3369252787483,159.590163803615
37.16000000,1332.32604980469,3.36575837720998,159.614753967529
37.16500000,1330.43774414062,3.35084366893701,159.639344131443
37.17000000,1354.05700683594,3.43077248529091,159.663934295357
37.17500000,1381.65454101562,3.3400869629967,159.688524459272
37.18000000,1400.23168945312,3.30585956732493,159.713114623186
37.18500000,1398.09130859375,3.38740537018519,159.7377047871
37.19000000,1413.072265625,3.29281383058947,159.762294951015
37.19500000,1429.22351074219,3.42335667667302,159.786885114929
37.20000000,1415.365234375,3.30137576787652,159.811475278843
37.20500000,1411.08459472656,3.27774483149208,159.836065442757
37.21000000,1412.8525390625,3.31053584448786,159.860655606672
37.21500000,1405.37329101562,3.25976466581736,159.885245770586
37.22000000,1388.63549804688,3.24961165673479,159.885245770586
37.22500000,1378.76818847656,3.25222399429913,159.9098359345
37.23000000,1389.966796875,3.23652448597076,159.934426098414
37.23500000,1395.79138183594,3.23254062782425,159.959016262329
37.24000000,1421.17456054688,3.18202685967778,159.983606426243
37.24500000,1434.5400390625,3.24905696386099,160.008196590157
37.25000000,1447.89294433594,3.16722553581943,160.032786754071
37.25500000,1456.03723144531,3.18914360922735,160.057376917986
37.26000000,1470.74938964844,3.1720777188496,160.0819670819
37.26500000,1478.73962402344,3.23977572018688,160.106557245814
37.27000000,1486.73815917969,3.21615943685036,160.131147409729
37.27500000,1499.80004882813,3.188054598092,160.155737573643
37.28000000,1494.46667480469,3.21872184491889,160.180327737557
37.28500000,1495.10778808594,3.23547765376143,160.204917901471
37.29000000,1498.58911132813,3.2552882015835,160.229508065386
37.29500000,1501.13269042969,3.22781337970397,160.2540982293
37.30000000,1485.85070800781,3.1781518593546,160.278688393214
37.30500000,1480.08483886719,3.17621146627318,160.303278557128
37.31000000,1499.26391601562,3.1808349734385,160.327868721043
37.31500000,1522.63403320313,3.09203496438767,160.352458884957
37.32000000,1529.890625,3.10342612533701,160.377049048871
37.32500000,1524.71276855469,3.1305477028056,160.401639212786
37.33000000,1538.01806640625,3.12073334862687,160.401639212786
37.33500000,1550.26513671875,3.15196490244084,160.4262293767
37.34000000,1568.92065429687,3.16272663536455,160.450819540614
37.34500000,1584.443359375,3.13132634447629,160.475409704528
37.35000000,1595.3564453125,3.17457974431641,160.499999868443
37.35500000,1602.29260253906,3.19529104704243,160.524590032357
37.36000000,1609.10412597656,3.19974103325362,160.549180196271
37.36500000,1611.67553710938,3.198667565828,160.573770360185
37.37000000,1602.326171875,3.1802489798368,160.5983605241
37.37500000,1598.45703125,3.17119938885089,160.622950688014
37.38000000,1588.9326171875,3.15740580053627,160.647540851928
37.38500000,1579.333984375,3.15710785318087,160.672131015843
37.39000000,1563.13098144531,3.19907616498173,160.696721179757
37.39500000,1550.71313476562,3.15070989633024,160.721311343671
37.40000000,1536.36352539062,3.16158361227754,160.745901507585
37.40500000,1532.67492675781,3.26354643157666,160.7704916715
37.41000000,1550.55773925781,3.20108997398128,160.795081835414
37.41500000,1562.71948242187,3.35007266940842,160.819671999328
37.42000000,1573.33154296875,3.2369387625901,160.844262163242
37.42500000,1575.02392578125,3.23309244635475,160.868852327157
37.43000000,1572.76184082031,3.35320875835984,160.893442491071
37.43500000,1565.36645507813,3.2530399228773,160.893442491071
37.44000000,1543.49560546875,3.27529220461633,160.918032654985
37.44500000,1522.84680175781,3.3179274709978,160.942622818899
37.45000000,1503.42419433594,3.2742156880721,160.967212982814
37.45500000,1472.92614746094,3.31241485903932,160.991803146728
37.46000000,1442.34692382813,3.25656635628563,161.016393310642
37.46500000,1421.314453125,3.32837418183496,161.040983474557
37.47000000,1414.84313964844,3.22246716608423,161.065573638471
37.47500000,1408.21630859375,3.29409783224443,161.090163802385
37.48000000,1400.17712402344,3.25726825585441,161.114753966299
37.48500000,1384.60400390625,3.37971722932103,161.139344130214
37.49000000,1368.19946289062,3.27857972318093,161.163934294128
37.49500000,1365.7958984375,3.26794104921982,161.188524458042
37.50000000,1392.46826171875,3.27199648320992,161.213114621956
37.50500000,1422.65832519531,3.29398439877189,161.237704785871
37.51000000,1435.48217773438,3.28341491567272,161.262294949785
37.51500000,1457.30822753906,3.21674868499973,161.286885113699
37.52000000,1468.32348632813,3.237775916672,161.311475277614
37.52500000,1471.82727050781,3.23226387235861,161.336065441528
37.53000000,1457.35998535156,3.19701466462817,161.360655605442
37.53500000,1454.03686523438,3.16732077212087,161.385245769356
37.54000000,1456.59716796875,3.15091125176873,161.409835933271
37.54500000,1455.43249511719,3.15031040373994,161.434426097185
37.55000000,1467.18676757813,3.13769081959278,161.459016261099
37.55500000,1473.24389648438,3.14808583073907,161.483606425013
37.56000000,1473.21447753906,3.15278302876575,161.508196588928
37.56500000,1478.09289550781,3.13160718052449,161.532786752842
37.57000000,1489.72961425781,3.22529834515129,161.557376916756
37.57500000,1492.35705566406,3.2330611019819,161.581967080671
37.58000000,1494.88806152344,3.22728492700758,161.606557244585
37.58500000,1512.650390625,3.20059587341703,161.606557244585
37.59000000,1521.17395019531,3.19003356405345,161.631147408499
37.59500000,1498.34423828125,3.1489949623663,161.655737572413
37.60000000,1485.01501464844,3.06623541703815,161.680327736328
37.60500000,1482.48828125,3.10377722548315,161.704917900242
37.61000000,1500.73510742187,3.08876761701005,161.729508064156
37.61500000,1515.40393066406,3.05782562813688,161.75409822807
37.62000000,1523.30310058594,3.1073950366828,161.778688391985
37.62500000,1527.37805175781,3.13238989228166,161.803278555899
37.63000000,1539.30590820313,3.11116705340902,161.827868719813
37.63500000,1546.84680175781,3.18501565232037,161.852458883727
37.64000000,1563.15759277344,3.09905416131486,161.877049047642
37.64500000,1570.13293457031,3.08916734542753,161.901639211556
37.65000000,1582.16027832031,3.13729323856869,161.92622937547
37.65500000,1597.41271972656,3.06881994388002,161.92622937547
37.66000000,1624.76672363281,3.07852975143506,161.950819539385
37.66500000,1620.05212402344,3.10841305366865,161.975409703299
37.67000000,1600.4951171875,3.13275435259582,161.999999867213
37.67500000,1587.98205566406,3.1651411625856,162.024590031127
37.68000000,1591.96459960938,3.1534722618576,162.049180195042
37.68500000,1616.19848632813,3.21293903851015,162.073770358956
37.69000000,1640.20971679687,3.22981974229148,162.09836052287
37.69500000,1653.365234375,3.24727428835842,162.122950686784
37.70000000,1644.36999511719,3.27297623314446,162.147540850699
37.70500000,1648.70239257813,3.32845360336834,162.172131014613
37.71000000,1665.91052246094,3.34996318834167,162.196721178527
37.71500000,1679.16271972656,3.30197407458646,162.221311342442
37.72000000,1682.73498535156,3.33319481916968,162.245901506356
37.72500000,1686.99609375,3.33286598930631,162.27049167027
37.73000000,1705.86022949219,3.32559950600532,162.295081834184
37.73500000,1733.22399902344,3.27785082706579,162.319671998099
37.74000000,1742.61682128906,3.23819472063969,162.344262162013
37.74500000,1731.7080078125,3.25698232999239,162.368852325927
37.75000000,1715.2333984375,3.26034570912007,162.393442489841
37.75500000,1702.7119140625,3.22545484568708,162.418032653756
37.76000000,1681.45837402344,3.25468953468205,162.44262281767
37.76500000,1648.25732421875,3.27994007789184,162.467212981584
37.77000000,1609.28186035156,3.29737308827668,162.491803145499
37.77500000,1584.20812988281,3.3198659928921,162.516393309413
37.78000000,1587.99609375,3.35313014788154,162.540983473327
37.78500000,1582.130859375,3.31641126593954,162.565573637241
37.79000000,1569.96496582031,3.39967761573531,162.590163801156
37.79500000,1553.9033203125,3.38361679676921,162.61475396507
37.80000000,1541.02905273438,3.38842673775324,162.639344128984
37.80500000,1534.74951171875,3.37047869321076,162.663934292898
37.81000000,1528.49645996094,3.37640360387568,162.688524456813
37.81500000,1523.45568847656,3.36902825506606,162.713114620727
37.82000000,1502.07055664062,3.35509205519952,162.737704784641
37.82500000,1489.07177734375,3.40197652049396,162.762294948556
37.83000000,1468.12890625,3.3141699555859,162.78688511247
37.83500000,1443.58569335938,3.28715828163553,162.811475276384
37.84000000,1421.69946289062,3.33774324539545,162.836065440298
37.84500000,1411.43725585938,3.25948132621611,162.860655604213
37.85000000,1395.29724121094,3.37742909861249,162.885245768127
37.85500000,1383.49951171875,3.26342670830604,162.909835932041
37.86000000,1375.54150390625,3.23564020435562,162.934426095955
37.86500000,1361.42712402344,3.26477590314641,162.95901625987
37.87000000,1348.74609375,3.21808603330982,162.983606423784
37.87500000,1337.55297851562,3.18342191808629,163.008196587698
37.88000000,1351.20837402344,3.20444515312554,163.008196587698
37.88500000,1363.0634765625,3.14657003967674,163.032786751612
37.89000000,1389.95556640625,3.10845645693667,163.057376915527
37.89500000,1429.99340820312,3.07084083307571,163.081967079441
37.90000000,1474.54846191406,3.13180310913441,163.106557243355
37.90500000,1511.39331054687,3.09329858742768,163.13114740727
37.91000000,1525.36499023438,3.08985245292808,163.155737571184
37.91500000,1542.88525390625,3.09593249282468,163.180327735098
37.92000000,1532.8681640625,3.10913192718568,163.204917899012
37.92500000,1529.42309570313,3.13413176271011,163.229508062927
37.93000000,1525.33703613281,3.04033310227418,163.254098226841
37.93500000,1520.35510253906,3.09438267693197,163.278688390755
37.94000000,1500.06042480469,3.11669126551393,163.303278554669
37.94500000,1476.22692871094,3.14665530758808,163.327868718584
37.95000000,1480.31579589844,3.17668835010679,163.327868718584
37.95500000,1492.12194824219,3.128466461991,163.352458882498
37.96000000,1512.51745605469,3.11469546746637,163.377049046412
37.96500000,1517.00805664062,3.14928836467305,163.401639210327
37.97000000,1507.83215332031,3.11370938764504,163.426229374241
37.97500000,1502.85864257813,3.07749356873173,163.450819538155
37.98000000,1521.24670410156,3.10482347977984,163.475409702069
37.98500000,1545.79138183594,3.10457798800772,163.499999865984
37.99000000,1553.48620605469,3.08608942144393,163.524590029898
37.99500000,1565.30212402344,3.10883373521328,163.549180193812
38.00000000,1581.45751953125,3.08256639312199,163.573770357726
38.00500000,1593.87121582031,3.06837759848144,163.598360521641
38.01000000,1609.77185058594,3.13190713020845,163.622950685555
38.01500000,1605.01245117187,3.12989294012117,163.647540849469
38.02000000,1580.36145019531,3.17837821236512,163.647540849469
38.02500000,1558.87133789062,3.19907847804966,163.672131013384
38.03000000,1546.22521972656,3.21751701990077,163.696721177298
38.03500000,1533.90393066406,3.21906219029196,163.721311341212
38.04000000,1505.39233398438,3.1777798971857,163.745901505126
38.04500000,1450.61987304687,3.22244848852761,163.770491669041
38.05000000,1393.70568847656,3.17854679273758,163.795081832955
38.05500000,1356.22387695312,3.12096380491591,163.819671996869
38.06000000,1332.1552734375,3.16050280724728,163.844262160783
38.06500000,1327.82836914062,3.14183354817421,163.868852324698
38.07000000,1322.10314941406,3.15396163570644,163.893442488612
38.07500000,1303.09204101562,3.20956772002134,163.918032652526
38.08000000,1295.81579589844,3.14581124967261,163.94262281644
38.08500000,1315.34619140625,3.17500202196102,163.967212980355
38.09000000,1340.44226074219,3.23607199888394,163.991803144269
38.09500000,1379.53527832031,3.20298863166166,164.016393308183
38.10000000,1419.65563964844,3.21985257022961,164.040983472098
38.10500000,1445.31872558594,3.20901063366795,164.065573636012
38.11000000,1455.11193847656,3.18286883036112,164.090163799926
38.11500000,1450.87329101562,3.23468293935675,164.11475396384
38.12000000,1439.31481933594,3.11698090698932,164.11475396384
38.12500000,1405.11706542969,3.22131433221472,164.139344127755
38.13000000,1389.16040039062,3.10500203673663,164.163934291669
38.13500000,1376.28479003906,3.17374182956599,164.188524455583
38.14000000,1336.82788085938,3.11642531046438,164.213114619497
38.14500000,1280.01586914062,3.19530871549411,164.237704783412
38.15000000,1236.15087890625,3.14037788311263,164.262294947326
38.15500000,1221.61511230469,3.10135444240611,164.28688511124
38.16000000,1221.67114257812,3.12037720792414,164.311475275155
38.16500000,1241.30224609375,3.13821481439605,164.336065439069
38.17000000,1270.87927246094,3.17221456606547,164.360655602983
38.17500000,1284.08520507812,3.14264306401928,164.385245766897
38.18000000,1289.7978515625,3.11105592013341,164.409835930812
38.18500000,1310.44396972656,3.13218141422933,164.434426094726
38.19000000,1333.71325683594,3.14654577916193,164.45901625864
38.19500000,1359.72204589844,3.12722840456412,164.483606422554
38.20000000,1392.03149414062,3.08906951051402,164.483606422554
38.20500000,1410.25866699219,3.0719957484213,164.508196586469
38.21000000,1436.98693847656,3.00339958406528,164.532786750383
38.21500000,1461.18579101562,2.98948206542731,164.557376914297
38.22000000,1495.90844726562,2.98907950289252,164.581967078212
38.22500000,1519.12182617187,2.96188801847738,164.606557242126
38.23000000,1542.85583496094,2.939682675303,164.63114740604
38.23500000,1573.67309570313,2.96169898643866,164.655737569954
38.24000000,1601.28186035156,2.94718914372156,164.680327733869
38.24500000,1634.79650878906,2.93326494353276,164.680327733869
38.25000000,1656.47290039062,2.90056938552791,164.704917897783
38.25500000,1653.30090332031,2.90624372441729,164.729508061697
38.26000000,1636.49450683594,2.92220076505644,164.754098225611
38.26500000,1629.37915039062,2.91673247845726,164.778688389526
38.27000000,1642.51232910156,2.92152610353212,164.80327855344
38.27500000,1672.32873535156,2.97966558409473,164.827868717354
38.28000000,1694.00366210938,2.92392387338166,164.852458881268
38.28500000,1708.05505371094,2.89631908151261,164.852458881268
38.29000000,1724.87683105469,2.98012408526016,164.877049045183
38.29500000,1736.57092285156,2.94154010008386,164.901639209097
38.30000000,1764.16442871094,3.00340324769666,164.926229373011
38.30500000,1775.21606445313,3.02674589281943,164.950819536926
38.31000000,1762.71691894531,2.9614282881896,164.97540970084
38.31500000,1748.25390625,2.97379393441635,164.999999864754
38.32000000,1733.10363769531,3.02047896878676,165.024590028668
38.32500000,1731.22082519531,2.97185192923679,165.049180192583
38.33000000,1731.15368652344,2.99669842006665,165.049180192583
38.33500000,1726.58178710938,3.03565669251426,165.073770356497
38.34000000,1701.46752929687,3.04734705378155,165.098360520411
38.34500000,1666.05322265625,3.1089519251875,165.122950684325
38.35000000,1651.23046875,3.12944150598328,165.14754084824
38.35500000,1653.44506835938,3.1539733446476,165.172131012154
38.36000000,1656.80737304687,3.15498440131036,165.196721176068
38.36500000,1637.01110839844,3.15983028171419,165.221311339983
38.37000000,1612.90747070313,3.18640669492462,165.245901503897
38.37500000,1584.10595703125,3.17275009554324,165.270491667811
38.38000000,1571.74694824219,3.21764674376805,165.295081831725
38.38500000,1555.19250488281,3.09826944197594,165.31967199564
38.39000000,1571.3017578125,3.13271704905325,165.344262159554
38.39500000,1587.39282226562,3.13432271320798,165.368852323468
38.40000000,1591.34448242187,3.18520855468399,165.393442487382
38.40500000,1579.37731933594,3.18911986110292,165.393442487382
38.41000000,1543.68322753906,3.14281688370793,165.418032651297
38.41500000,1512.22900390625,3.14349929660445,165.442622815211
38.42000000,1484.94921875,3.16710505829814,165.467212979125
38.42500000,1460.99255371094,3.16709712696907,165.49180314304
38.43000000,1428.30236816406,3.14264722773527,165.516393306954
38.43500000,1390.8291015625,3.15131167217832,165.540983470868
38.44000000,1360.07482910156,3.14878512303769,165.565573634782
38.44500000,1328.65710449219,3.11560082402566,165.590163798697
38.45000000,1308.46740722656,3.07782214531558,165.614753962611
38.45500000,1298.06103515625,3.02819892877947,165.639344126525
38.46000000,1310.4677734375,2.97051066751458,165.663934290439
38.46500000,1321.95471191406,2.9889320323676,165.688524454354
38.47000000,1348.67468261719,3.00698063018354,165.688524454354
38.47500000,1386.52734375,2.98267655978941,165.713114618268
38.48000000,1411.85302734375,2.97835931321516,165.737704782182
38.48500000,1415.22521972656,2.97332774765561,165.762294946096
38.49000000,1428.27856445312,2.97604426865074,165.786885110011
38.49500000,1466.16076660156,2.96886002812189,165.811475273925
38.50000000,1493.4951171875,2.97871592510134,165.836065437839
38.50500000,1515.09448242187,3.04459992890685,165.860655601754
38.51000000,1528.13110351562,2.99921665510774,165.885245765668
38.51500000,1515.89379882813,2.95077912748321,165.885245765668
38.52000000,1490.82849121094,2.99374180677637,165.909835929582
38.52500000,1466.384765625,2.89149306753494,165.934426093496
38.53000000,1452.09252929687,2.92910324282174,165.959016257411
38.53500000,1434.62683105469,2.92754519898582,165.983606421325
38.54000000,1420.52783203125,2.855066199326,166.008196585239
38.54500000,1431.765625,2.85705192390813,166.032786749153
38.55000000,1437.91638183594,2.91851366197134,166.057376913068
38.55500000,1443.93566894531,2.86858350966014,166.057376913068
38.56000000,1439.11608886719,2.86843005699945,166.081967076982
38.56500000,1453.58605957031,2.89893506684933,166.106557240896
38.57000000,1465.85974121094,2.91396516819702,166.131147404811
38.57500000,1507.85180664062,2.90766222934266,166.155737568725
38.58000000,1545.29858398438,2.89912382230755,166.180327732639
38.58500000,1562.27429199219,2.89295462537351,166.204917896553
38.59000000,1565.0263671875,2.95017928107865,166.204917896553
38.59500000,1583.39489746094,2.88087767815151,166.229508060468
38.60000000,1617.66687011719,2.9284188721442,166.254098224382
38.60500000,1646.83923339844,2.93298285489777,166.278688388296
38.61000000,1670.94287109375,2.97842846061191,166.30327855221
38.61500000,1686.94995117187,3.00821476816311,166.327868716125
38.62000000,1689.53393554687,2.9256677455947,166.352458880039
38.62500000,1684.99011230469,2.97238721637544,166.377049043953
38.63000000,1682.49987792969,2.96727668494127,166.377049043953
38.63500000,1680.794921875,3.03988871912701,166.401639207867
38.64000000,1679.89611816406,3.0586479309857,166.426229371782
38.64500000,1697.1923828125,3.02014810320658,166.450819535696
38.65000000,1711.60229492187,3.03804903724294,166.47540969961
38.65500000,1717.94763183594,3.06612985892446,166.499999863525
38.66000000,1718.98352050781,3.06257329041898,166.524590027439
38.66500000,1724.58850097656,3.04553638053131,166.549180191353
38.67000000,1732.31689453125,3.04351584403083,166.573770355267
38.67500000,1712.97412109375,3.05945467853807,166.598360519182
38.68000000,1698.91418457031,3.02879643082641,166.622950683096
38.68500000,1677.35131835938,3.06658263941207,166.622950683096
38.69000000,1660.02978515625,3.065245224758,166.64754084701
38.69500000,1639.90454101562,3.03740271627185,166.672131010924
38.70000000,1601.99719238281,3.07581666389598,166.696721174839
38.70500000,1565.73046875,3.1003388417216,166.721311338753
38.71000000,1528.31591796875,3.1068163805363,166.745901502667
38.71500000,1532.42016601562,3.11843494190912,166.770491666582
38.72000000,1542.67956542969,3.12400665763949,166.795081830496
38.72500000,1554.19445800781,3.12177695659404,166.81967199441
38.73000000,1553.84033203125,3.10882755589978,166.844262158324
38.73500000,1541.23767089844,3.08295620357404,166.868852322239
38.74000000,1533.60864257813,3.12613582094499,166.893442486153
38.74500000,1494.7158203125,3.04183849601462,166.918032650067
38.75000000,1464.42492675781,2.99068224349941,166.918032650067
38.75500000,1425.248046875,3.07364189682975,166.942622813981
38.76000000,1397.23608398438,2.99934566517783,166.967212977896
38.76500000,1367.93627929688,3.07036860222189,166.99180314181
38.77000000,1352.02722167969,3.05670752253413,167.016393305724
38.77500000,1344.99304199219,2.99332304945916,167.040983469639
38.78000000,1341.19812011719,2.99503277519482,167.065573633553
38.78500000,1363.56884765625,3.01826930086056,167.090163797467
38.79000000,1400.27368164062,2.97028568769684,167.114753961381
38.79500000,1434.55688476562,2.95501631834871,167.139344125296
38.80000000,1455.76000976562,2.98152875421407,167.139344125296
38.80500000,1465.89477539062,2.94638116009803,167.16393428921
38.81000000,1470.34619140625,2.96312377420703,167.188524453124
38.81500000,1483.63061523438,2.92236102620537,167.213114617038
38.82000000,1512.25842285156,2.93215124595849,167.237704780953
38.82500000,1526.98889160156,2.95892157385926,167.262294944867
38.83000000,1518.30285644531,2.89069426365494,167.286885108781
38.83500000,1504.1044921875,2.98056527984404,167.311475272695
38.84000000,1500.70153808594,2.94052639580694,167.311475272695
38.84500000,1487.88745117187,3.0456345921557,167.33606543661
38.85000000,1480.75256347656,2.97390878747779,167.360655600524
38.85500000,1484.37109375,2.96983159539904,167.385245764438
38.86000000,1499.13793945313,2.99635917088515,167.409835928353
38.86500000,1494.74377441406,3.0118139861627,167.434426092267
38.87000000,1490.96704101562,3.01907332277809,167.459016256181
38.87500000,1500.3193359375,3.00066914111645,167.483606420095
38.88000000,1491.55505371094,2.95022941095413,167.50819658401
38.88500000,1484.22412109375,2.96626431035257,167.50819658401
38.89000000,1480.42919921875,2.9846285688579,167.532786747924
38.89500000,1496.20520019531,2.96333280916674,167.557376911838
38.90000000,1510.46533203125,2.94756286738087,167.581967075752
38.90500000,1521.4384765625,2.95117265059659,167.606557239667
38.91000000,1530.63537597656,2.96169600850146,167.631147403581
38.91500000,1538.94616699219,2.96962631361516,167.655737567495
38.92000000,1577.6611328125,2.985013909129,167.68032773141
38.92500000,1603.81140136719,3.00898875583786,167.704917895324
38.93000000,1626.20434570313,2.98252769589812,167.704917895324
38.93500000,1633.1923828125,3.03274615530394,167.729508059238
38.94000000,1645.87194824219,3.03706986602124,167.754098223152
38.94500000,1651.53845214844,3.03401988854514,167.778688387067
38.95000000,1654.35070800781,3.021326063096,167.803278550981
38.95500000,1670.259765625,3.01610999704268,167.827868714895
38.96000000,1656.92504882813,3.0245355460066,167.852458878809
38.96500000,1631.92687988281,3.02868004818379,167.877049042724
38.97000000,1600.19982910156,3.03602066726506,167.901639206638
38.97500000,1573.5400390625,3.09808202585578,167.926229370552
38.98000000,1550.25256347656,3.03297247617476,167.950819534467
38.98500000,1539.65441894531,2.99309634593514,167.950819534467
38.99000000,1539.70764160156,3.06612634329766,167.975409698381
38.99500000,1529.89208984375,2.99962342001678,167.999999862295
39.00000000,1514.52758789062,3.07543033247213,168.024590026209
39.00500000,1505.16967773438,3.07196703875783,168.049180190124
39.01000000,1505.4287109375,3.01088250174077,168.073770354038
39.01500000,1511.89733886719,3.03115321548895,168.098360517952
39.02000000,1531.00073242187,3.06431120527706,168.122950681866
39.02500000,1560.04577636719,3.03480711284661,168.147540845781
39.03000000,1569.65551757813,3.05480132583796,168.172131009695
39.03500000,1563.986328125,3.08900857906023,168.172131009695
39.04000000,1577.73254394531,3.08223073755757,168.196721173609
39.04500000,1602.978515625,3.06794513550289,168.221311337523
39.05000000,1619.5986328125,3.0386595446794,168.245901501438
39.05500000,1629.78100585938,3.05451476638256,168.270491665352
39.06000000,1633.822265625,3.01851799552617,168.295081829266
39.06500000,1612.22570800781,3.00674742648175,168.319671993181
39.07000000,1579.3662109375,3.02431629625142,168.344262157095
39.07500000,1547.69091796875,3.01531158971829,168.368852321009
39.08000000,1519.1806640625,3.09036447394224,168.393442484923
39.08500000,1475.224609375,2.97304440022193,168.418032648838
39.09000000,1435.63891601562,3.01385486393232,168.418032648838
39.09500000,1415.85510253906,3.02713050561586,168.442622812752
39.10000000,1385.12756347656,3.08984720654305,168.467212976666
39.10500000,1358.83044433594,3.11573621887628,168.49180314058
39.11000000,1355.65002441406,3.1003296265507,168.516393304495
39.11500000,1379.94958496094,3.0794806095334,168.540983468409
39.12000000,1406.42028808594,3.07790209395214,168.565573632323
39.12500000,1460.24365234375,3.06989549192615,168.590163796238
39.13000000,1502.61926269531,3.03503086840432,168.614753960152
39.13500000,1523.91906738281,3.01687420094081,168.639344124066
39.14000000,1526.98461914062,3.03890847615328,168.66393428798
39.14500000,1535.2421875,2.99728253903714,168.66393428798
39.15000000,1534.69348144531,3.01995804014062,168.688524451895
39.15500000,1531.91064453125,2.9944391828132,168.713114615809
39.16000000,1537.75354003906,2.96064311424113,168.737704779723
39.16500000,1527.38916015625,2.98732314523822,168.762294943637
39.17000000,1513.76049804687,3.02239225134726,168.786885107552
39.17500000,1501.16906738281,3.02985216190178,168.811475271466
39.18000000,1491.98901367187,3.03814993822635,168.83606543538
39.18500000,1471.38635253906,3.035960310503,168.860655599295
39.19000000,1463.68310546875,3.02006909977981,168.885245763209
39.19500000,1464.56640625,3.02942320018236,168.885245763209
39.20000000,1461.5048828125,2.95760510414407,168.909835927123
39.20500000,1472.26123046875,2.98737458022312,168.934426091037
39.21000000,1483.12805175781,2.94249165219396,168.959016254952
39.21500000,1507.50610351562,2.8876808209851,168.983606418866
39.22000000,1531.93017578125,2.90120735159027,169.00819658278
39.22500000,1560.64770507813,2.94046176238545,169.032786746694
39.23000000,1584.69250488281,2.87038311466818,169.057376910609
39.23500000,1593.2119140625,3.03555748297105,169.057376910609
39.24000000,1604.27612304687,2.95674378667742,169.081967074523
39.24500000,1616.74438476562,2.92862757393306,169.106557238437
39.25000000,1627.11987304687,2.97260123834201,169.131147402352
39.25500000,1635.39282226562,2.96603840720458,169.155737566266
39.26000000,1647.71691894531,2.92530491962208,169.18032773018
39.26500000,1644.04516601562,2.92185456488216,169.204917894094
39.27000000,1632.76818847656,2.92853000001275,169.229508058009
39.27500000,1602.90283203125,2.87393748142024,169.229508058009
39.28000000,1563.43896484375,2.9238546896043,169.254098221923
39.28500000,1546.33166503906,2.89372012567102,169.278688385837
39.29000000,1537.08715820313,2.94301815824887,169.303278549751
39.29500000,1524.94506835938,2.92874713373347,169.327868713666
39.30000000,1500.59094238281,2.89896123687695,169.35245887758
39.30500000,1475.65441894531,2.96204661297122,169.377049041494
39.31000000,1467.98046875,2.92476807743146,169.401639205408
39.31500000,1482.74035644531,3.05901201814033,169.401639205408
39.32000000,1507.83215332031,2.97455886158236,169.426229369323
39.32500000,1547.50756835938,3.00811041840994,169.450819533237
39.33000000,1591.30676269531,3.0395420144183,169.475409697151
39.33500000,1607.40747070313,3.0741520787207,169.499999861066
39.34000000,1622.48364257813,3.1083268946664,169.52459002498
39.34500000,1623.84289550781,3.08108260263191,169.549180188894
39.35000000,1600.32019042969,3.04341793917441,169.573770352808
39.35500000,1563.57897949219,3.06592220141654,169.598360516723
39.36000000,1535.38635253906,3.05148885539862,169.622950680637
39.36500000,1518.44714355469,3.01891668262118,169.647540844551
39.37000000,1491.76782226562,3.00079839713742,169.647540844551
39.37500000,1460.12329101562,3.0099362225319,169.672131008465
39.38000000,1430.44274902344,2.99916217544482,169.69672117238
39.38500000,1402.91650390625,3.01136567156208,169.721311336294
39.39000000,1380.9560546875,3.059556464493,169.745901500208
39.39500000,1365.80993652344,3.06790499511832,169.770491664123
39.40000000,1370.84375,3.07486823415008,169.795081828037
39.40500000,1362.13537597656,3.10107868745057,169.819671991951
39.41000000,1361.8134765625,3.07168884714231,169.844262155865
39.41500000,1359.80603027344,3.06036392268903,169.86885231978
39.42000000,1365.32836914062,3.03768438180462,169.893442483694
39.42500000,1377.14990234375,3.04066508294157,169.893442483694
39.43000000,1401.16259765625,3.04208660293747,169.918032647608
39.43500000,1439.56408691406,3.01707228910898,169.942622811522
39.44000000,1460.35290527344,3.07376792927387,169.967212975437
39.44500000,1478.48767089844,3.0592052758316,169.991803139351
39.45000000,1497.08154296875,3.01441782813776,170.016393303265
39.45500000,1511.03637695313,3.03418938635358,170.04098346718
39.46000000,1519.662109375,3.04394882508915,170.065573631094
39.46500000,1535.53479003906,2.98212944440732,170.090163795008
39.47000000,1551.88061523438,3.06562861160604,170.114753958922
39.47500000,1538.849609375,2.95704163587995,170.139344122837
39.48000000,1530.52758789062,2.8979563492219,170.139344122837
39.48500000,1513.25512695313,2.92274309316077,170.163934286751
39.49000000,1499.21350097656,2.9082304276672,170.188524450665
39.49500000,1498.68017578125,2.87739711569922,170.213114614579
39.50000000,1520.72875976562,2.87893422624264,170.237704778494
39.50500000,1550.33374023438,2.90870776393097,170.262294942408
39.51000000,1562.27014160156,2.88272553381093,170.286885106322
39.51500000,1575.49426269531,2.90745368474443,170.286885106322
39.52000000,1568.77783203125,2.8828273759947,170.311475270236
39.52500000,1558.17553710938,2.89308422400449,170.336065434151
39.53000000,1549.52746582031,2.84904085636741,170.360655598065
39.53500000,1561.35595703125,2.81070295323832,170.385245761979
39.54000000,1576.58056640625,2.83380342347669,170.409835925894
39.54500000,1588.57983398438,2.77101250200492,170.409835925894
39.55000000,1595.19262695313,2.87439236426362,170.434426089808
39.55500000,1578.29956054687,2.80287647106964,170.459016253722
39.56000000,1569.60656738281,2.79135195823987,170.483606417636
39.56500000,1573.05017089844,2.81871199061329,170.508196581551
39.57000000,1578.50805664062,2.83533099021945,170.532786745465
39.57500000,1585.2412109375,2.88400598008061,170.557376909379
39.58000000,1597.85095214844,2.91998069912105,170.557376909379
39.58500000,1608.33837890625,2.90508100824481,170.581967073293
39.59000000,1618.38500976562,2.93880513455645,170.606557237208
39.59500000,1625.88244628906,2.95618581108122,170.631147401122
39.60000000,1621.66052246094,2.94574156545398,170.655737565036
39.60500000,1607.99401855469,2.92345554609176,170.680327728951
39.61000000,1587.96948242187,2.9064847198209,170.704917892865
39.61500000,1569.45678710938,2.91402795750368,170.729508056779
39.62000000,1556.07580566406,2.86019390391475,170.729508056779
39.62500000,1539.92749023438,2.8699512611012,170.754098220693
39.63000000,1525.77661132813,2.86817638489834,170.778688384608
39.63500000,1537.95654296875,2.84479156850681,170.803278548522
39.64000000,1557.4365234375,2.84273361326284,170.827868712436
39.64500000,1588.67785644531,2.88890440995676,170.85245887635
39.65000000,1619.47399902344,2.90065416065374,170.877049040265
39.65500000,1667.82263183594,2.92395252536198,170.877049040265
39.66000000,1712.96154785156,2.9474776447375,170.901639204179
39.66500000,1752.37780761719,2.96656821925722,170.926229368093
39.67000000,1778.6064453125,2.98970442348366,170.950819532008
39.67500000,1806.98645019531,2.98868788506164,170.975409695922
39.68000000,1831.96081542969,3.00371961356421,170.999999859836
39.68500000,1832.03356933594,3.03742699833121,171.02459002375
39.69000000,1825.97229003906,2.96929355008989,171.049180187665
39.69500000,1798.4853515625,2.92795936044059,171.073770351579
39.70000000,1750.31164550781,2.99400639355423,171.073770351579
39.70500000,1675.97241210938,2.9151288814458,171.098360515493
39.71000000,1628.81091308594,2.99057799002523,171.122950679407
39.71500000,1590.62219238281,2.97893050390759,171.147540843322
39.72000000,1570.59765625,2.93652758361822,171.172131007236
39.72500000,1543.33178710938,2.95863315880785,171.19672117115
39.73000000,1524.35437011719,2.98468369233479,171.221311335064
39.73500000,1524.38513183594,2.94714787769248,171.245901498979
39.74000000,1544.67431640625,2.98141847699602,171.245901498979
39.74500000,1578.5361328125,3.00190978623839,171.270491662893
39.75000000,1599.771484375,3.00025433518132,171.295081826807
39.75500000,1630.39685058594,3.00559044179149,171.319671990722
39.76000000,1649.77465820313,2.99059534924831,171.344262154636
39.76500000,1675.0947265625,3.00548882826377,171.36885231855
39.77000000,1683.39575195313,3.00709746095439,171.393442482464
39.77500000,1678.03295898438,2.9628259462808,171.418032646379
39.78000000,1663.08422851562,3.01835060119383,171.442622810293
39.78500000,1649.60668945313,2.99448995164776,171.467212974207
39.79000000,1633.46533203125,3.13194590558338,171.467212974207
39.79500000,1620.28869628906,3.02335154038345,171.491803138121
39.80000000,1621.08386230469,3.03499828164193,171.516393302036
39.80500000,1621.13562011719,3.05540410322314,171.54098346595
39.81000000,1606.20922851562,3.08408357607234,171.565573629864
39.81500000,1576.33129882813,3.09250643529537,171.590163793779
39.82000000,1527.12316894531,3.05338258062815,171.614753957693
39.82500000,1475.82934570313,3.01752165065409,171.639344121607
39.83000000,1434.51062011719,3.03888571661509,171.663934285521
39.83500000,1434.58898925781,3.05455618528026,171.688524449436
39.84000000,1434.95434570312,3.01865680333889,171.71311461335
39.84500000,1440.20520019531,3.04274436990121,171.71311461335
39.85000000,1442.23767089844,3.04266180688399,171.737704777264
39.85500000,1450.89562988281,3.0504279397881,171.762294941178
39.86000000,1467.66137695313,3.05885102188411,171.786885105093
39.86500000,1489.70166015625,3.07145831729206,171.811475269007
39.87000000,1549.44348144531,3.03468896692818,171.836065432921
39.87500000,1598.04272460938,3.00936002949046,171.860655596836
39.88000000,1632.48547363281,3.02385373940657,171.88524576075
39.88500000,1658.40881347656,2.99539132930511,171.909835924664
39.89000000,1684.36584472656,2.9776828150201,171.934426088578
39.89500000,1685.69702148438,2.94309151783948,171.934426088578
39.90000000,1664.69409179687,2.91113221575927,171.959016252493
39.90500000,1660.48193359375,2.92557510627368,171.983606416407
39.91000000,1654.52990722656,2.91365735269714,172.008196580321
39.91500000,1647.14721679687,2.94291202936008,172.032786744235
39.92000000,1615.48596191406,2.98042748170997,172.05737690815
39.92500000,1568.5888671875,2.93739891463113,172.081967072064
39.93000000,1521.21875,2.9127199514045,172.106557235978
39.93500000,1498.02502441406,3.00793947966046,172.106557235978
39.94000000,1508.17651367187,2.91062240427533,172.131147399893
39.94500000,1532.07165527344,3.00071371333827,172.155737563807
39.95000000,1556.02551269531,2.96765547098954,172.180327727721
39.95500000,1586.80346679687,2.90891212819693,172.204917891635
39.96000000,1605.79211425781,2.91185628172307,172.22950805555
39.96500000,1622.88684082031,2.92467523449301,172.254098219464
39.97000000,1662.88122558594,2.84847817916021,172.278688383378
39.97500000,1708.29162597656,2.81818829358686,172.278688383378
39.98000000,1716.26513671875,2.86302854926168,172.303278547292
39.98500000,1710.89392089844,2.85420066115462,172.327868711207
39.99000000,1681.02026367187,2.86267804644848,172.352458875121
39.99500000,1648.5498046875,2.8782495480512,172.377049039035
40.00000000,1606.51440429687,2.88160675342227,172.401639202949
40.00500000,1579.74694824219,2.95421045237178,172.426229366864
40.01000000,1563.4794921875,2.88509554678472,172.426229366864
40.01500000,1552.9375,2.96098117097673,172.450819530778
40.02000000,1548.29138183594,2.93741657295229,172.475409694692
40.02500000,1533.94458007813,3.01945395967141,172.499999858607
40.03000000,1521.07312011719,3.02316890491167,172.524590022521
40.03500000,1508.23950195313,2.97567897039265,172.549180186435
40.04000000,1518.47509765625,3.00287963504103,172.573770350349
40.04500000,1530.21826171875,3.01752142655797,172.598360514264
40.05000000,1552.13818359375,3.03854576035354,172.622950678178
40.05500000,1570.67749023438,3.03530686166498,172.622950678178
40.06000000,1558.06225585938,2.97449401873228,172.647540842092
40.06500000,1549.48828125,2.97977945835137,172.672131006006
40.07000000,1541.04028320313,3.00699959964505,172.696721169921
40.07500000,1531.49487304687,3.00021455984,172.721311333835
40.08000000,1514.73059082031,2.99122104274228,172.745901497749
40.08500000,1503.50671386719,2.99937619886183,172.770491661664
40.09000000,1499.90075683594,3.00058786601921,172.795081825578
40.09500000,1481.33068847656,2.99828438642796,172.819671989492
40.10000000,1481.11364746094,3.02298936818228,172.844262153406
40.10500000,1486.29724121094,3.06547129110193,172.844262153406
40.11000000,1495.7783203125,3.05070309498227,172.868852317321
40.11500000,1485.62817382813,3.09004733520084,172.893442481235
40.12000000,1488.44738769531,3.09483844830677,172.918032645149
40.12500000,1498.32873535156,3.07166253986747,172.942622809063
40.13000000,1511.232421875,3.04472625150351,172.967212972978
40.13500000,1520.32702636719,3.02491288541928,172.991803136892
40.14000000,1517.98791503906,3.02045848550526,173.016393300806
40.14500000,1512.50207519531,3.02126024516085,173.040983464721
40.15000000,1499.36608886719,3.00470612341626,173.065573628635
40.15500000,1514.64099121094,3.07376915294282,173.090163792549
40.16000000,1525.50927734375,3.00692574965249,173.090163792549
40.16500000,1512.02746582031,2.9533871574699,173.114753956463
40.17000000,1498.94189453125,2.99651635611865,173.139344120378
40.17500000,1500.68334960938,2.9473001977312,173.163934284292
40.18000000,1514.28686523438,2.9613274498596,173.188524448206
40.18500000,1531.89245605469,2.99400552360398,173.21311461212
40.19000000,1564.65405273438,2.91703343543573,173.237704776035
40.19500000,1604.25927734375,2.87493109728344,173.262294939949
40.20000000,1631.54895019531,2.94921422409289,173.262294939949
40.20500000,1665.22741699219,2.86059290211416,173.286885103863
40.21000000,1718.0400390625,2.85657046223893,173.311475267777
40.21500000,1748.65710449219,2.90201033737746,173.336065431692
40.22000000,1762.55603027344,2.92118275624443,173.360655595606
40.22500000,1778.30407714844,2.91302797360549,173.38524575952
40.23000000,1795.05432128906,2.93251629234982,173.409835923435
40.23500000,1812.00207519531,2.90392828664612,173.434426087349
40.24000000,1811.84252929687,2.97097271211157,173.434426087349
40.24500000,1807.25524902344,2.87602915119612,173.459016251263
40.25000000,1790.19836425781,2.88242611167392,173.483606415177
40.25500000,1735.69750976562,2.87655024072443,173.508196579092
40.26000000,1688.54565429687,2.89077150296886,173.532786743006
40.26500000,1648.13134765625,2.94717357767941,173.55737690692
40.27000000,1618.43530273438,2.85240604539828,173.581967070834
40.27500000,1577.04663085938,2.91232305615403,173.581967070834
40.28000000,1558.36877441406,2.9164280842504,173.606557234749
40.28500000,1553.6708984375,2.97116643984129,173.631147398663
40.29000000,1556.1318359375,3.00747905138578,173.655737562577
40.29500000,1566.17138671875,2.99252236054003,173.680327726492
40.30000000,1570.9658203125,2.98997057820071,173.704917890406
40.30500000,1568.59167480469,3.0335128137531,173.72950805432
40.31000000,1562.31628417969,3.05442875742197,173.754098218234
40.31500000,1570.35266113281,3.06030459910849,173.778688382149
40.32000000,1567.41870117187,3.06334585381058,173.803278546063
40.32500000,1557.31604003906,3.08843237714851,173.803278546063
40.33000000,1541.30212402344,3.063019647341,173.827868709977
40.33500000,1506.25598144531,3.06116002890662,173.852458873891
40.34000000,1457.34606933594,3.06201572809239,173.877049037806
40.34500000,1432.17297363281,3.02715319624075,173.90163920172
40.35000000,1424.70202636719,3.04226105456666,173.926229365634
40.35500000,1422.89904785156,3.09136336883603,173.950819529549
40.36000000,1438.94250488281,3.10258971916276,173.975409693463
40.36500000,1455.86499023438,3.10149493184091,173.999999857377
40.37000000,1457.86682128906,3.10311852260055,174.024590021291
40.37500000,1449.13464355469,3.108626225963,174.049180185206
40.38000000,1455.37512207031,3.11840837691657,174.07377034912
40.38500000,1466.58764648438,3.08253971522559,174.07377034912
40.39000000,1478.6220703125,3.14905543166271,174.098360513034
40.39500000,1516.60070800781,3.08130195163474,174.122950676948
40.40000000,1529.36853027344,3.02784446921054,174.147540840863
40.40500000,1525.26428222656,3.05847045075693,174.172131004777
40.41000000,1490.04174804687,3.00574553331009,174.196721168691
40.41500000,1483.91479492187,2.98096948646288,174.221311332605
40.42000000,1493.76257324219,2.98885503171836,174.24590149652
40.42500000,1500.33190917969,2.8677448302101,174.270491660434
40.43000000,1523.83923339844,2.82135085413098,174.295081824348
40.43500000,1531.49487304687,2.85642487857152,174.295081824348
40.44000000,1523.17846679687,2.82371801124442,174.319671988263
40.44500000,1517.76672363281,2.80864601345939,174.344262152177
40.45000000,1540.80932617187,2.82707858514361,174.368852316091
40.45500000,1573.46594238281,2.86002560956452,174.393442480005
40.46000000,1585.09985351562,2.877984806836,174.41803264392
40.46500000,1595.02319335938,2.89501495810129,174.41803264392
40.47000000,1604.17395019531,2.86680261897066,174.442622807834
40.47500000,1614.77758789062,2.91016719056452,174.467212971748
40.48000000,1618.94775390625,2.88443258619883,174.491803135662
40.48500000,1619.80297851562,2.88914164904684,174.516393299577
40.49000000,1603.98217773438,2.94128580432971,174.540983463491
40.49500000,1574.87548828125,2.91883334686956,174.565573627405
40.50000000,1585.52819824219,3.02110663343688,174.59016379132
40.50500000,1608.72192382813,2.87515871810546,174.59016379132
40.51000000,1605.96850585938,2.86839345977942,174.614753955234
40.51500000,1591.5390625,2.86618129524104,174.639344119148
40.52000000,1579.22900390625,2.88474225101341,174.663934283062
40.52500000,1577.75500488281,2.91155153976684,174.688524446977
40.53000000,1586.9560546875,2.90374803172793,174.713114610891
40.53500000,1621.09228515625,2.8588751657438,174.737704774805
40.54000000,1640.92077636719,2.91804172134812,174.737704774805
40.54500000,1652.21044921875,2.90950261648062,174.762294938719
40.55000000,1671.43981933594,2.92335354526212,174.786885102634
40.55500000,1692.74243164062,2.91754586299038,174.811475266548
40.56000000,1701.04333496094,2.92157743287027,174.836065430462
40.56500000,1695.5,2.93404261173613,174.860655594377
40.57000000,1693.51086425781,2.91391178302396,174.885245758291
40.57500000,1687.8779296875,2.93774093124322,174.909835922205
40.58000000,1662.36474609375,2.96628223391949,174.909835922205
40.58500000,1636.27331542969,2.9349884867622,174.934426086119
40.59000000,1636.51135253906,2.97345154577425,174.959016250034
40.59500000,1621.90979003906,2.99494853962992,174.983606413948
40.60000000,1613.99230957031,2.99360251774034,175.008196577862
40.60500000,1617.08874511719,2.99776106987309,175.032786741776
40.61000000,1625.73266601562,3.01050779546589,175.057376905691
40.61500000,1627.650390625,3.02293729150709,175.081967069605
40.62000000,1607.42565917969,3.03357215386007,175.106557233519
40.62500000,1579.40393066406,2.99837516542041,175.106557233519
40.63000000,1547.763671875,3.08218883890264,175.131147397434
40.63500000,1529.08996582031,3.03241600012148,175.155737561348
40.64000000,1505.79541015625,2.98477368786107,175.180327725262
40.64500000,1493.759765625,3.03041871417756,175.204917889176
40.65000000,1485.11865234375,3.02185855568019,175.229508053091
40.65500000,1480.58459472656,3.0265063210522,175.254098217005
40.66000000,1487.65649414062,3.09436148310735,175.278688380919
40.66500000,1497.43432617187,3.01362350599811,175.303278544833
40.67000000,1506.61437988281,3.005885676626,175.327868708748
40.67500000,1490.21960449219,3.06506376203586,175.352458872662
40.68000000,1483.36877441406,3.00436455140112,175.352458872662
40.68500000,1494.95239257813,2.99492163440454,175.377049036576
40.69000000,1519.98413085938,3.02920078346361,175.40163920049
40.69500000,1538.46606445313,3.01292396713359,175.426229364405
40.70000000,1528.02893066406,2.99843897291406,175.450819528319
40.70500000,1510.50451660156,2.99137164664987,175.475409692233
40.71000000,1486.92858886719,2.98543344349903,175.499999856148
40.71500000,1476.04772949219,3.00941436856388,175.524590020062
40.72000000,1480.986328125,2.94286637039695,175.549180183976
40.72500000,1490.98950195313,3.03833773318382,175.549180183976
40.73000000,1499.25830078125,2.9931583257513,175.57377034789
40.73500000,1519.54040527344,3.10901482491612,175.598360511805
40.74000000,1549.19714355469,3.04452067139027,175.622950675719
40.74500000,1570.12731933594,3.02100660180849,175.647540839633
40.75000000,1591.37524414062,3.02488290330613,175.672131003547
40.75500000,1605.00817871094,3.00527515095725,175.696721167462
40.76000000,1612.86120605469,2.98646078004522,175.721311331376
40.76500000,1617.93981933594,2.95374345227743,175.74590149529
40.77000000,1623.39916992187,2.88077371156894,175.770491659205
40.77500000,1624.91516113281,2.89271651948548,175.770491659205
40.78000000,1596.34887695313,2.92159669559453,175.795081823119
40.78500000,1559.2744140625,2.90122696729302,175.819671987033
40.79000000,1525.53723144531,2.8861679088927,175.844262150947
40.79500000,1506.43798828125,2.90415355429534,175.868852314862
40.80000000,1497.45812988281,2.92637233803482,175.893442478776
40.80500000,1489.57702636719,2.91099788650325,175.91803264269
40.81000000,1492.05749511719,2.9446566513023,175.91803264269
40.81500000,1473.45385742187,2.93068842745728,175.942622806604
40.82000000,1470.78015136719,2.8999292071497,175.967212970519
40.82500000,1485.62817382813,2.90932648184673,175.991803134433
40.83000000,1510.05236816406,2.90902713433489,176.016393298347
40.83500000,1526.27490234375,2.87439706446307,176.040983462262
40.84000000,1557.03332519531,2.83995055001564,176.065573626176
40.84500000,1590.13781738281,2.81893474517834,176.065573626176
40.85000000,1593.09985351562,2.81347453993374,176.09016379009
40.85500000,1560.74426269531,2.83495398311395,176.114753954004
40.86000000,1533.54699707031,2.83088022561697,176.139344117919
40.86500000,1529.33776855469,2.857985342016,176.163934281833
40.87000000,1520.01635742187,2.92212058344672,176.188524445747
40.87500000,1525.20971679687,2.88119411063184,176.213114609661
40.88000000,1525.90539550781,2.86484873742899,176.213114609661
40.88500000,1495.3681640625,2.94058550181645,176.237704773576
40.89000000,1456.88269042969,2.88437371722854,176.26229493749
40.89500000,1438.11657714844,2.92676011716327,176.286885101404
40.90000000,1436.16662597656,2.93655634803664,176.311475265318
40.90500000,1431.20141601562,2.85678472347922,176.336065429233
40.91000000,1438.02978515625,2.8357654718456,176.360655593147
40.91500000,1454.66955566406,2.8795660134765,176.360655593147
40.92000000,1472.85192871094,2.83110061838918,176.385245757061
40.92500000,1474.30773925781,2.81988504456413,176.409835920976
40.93000000,1473.91442871094,2.83907994858071,176.43442608489
40.93500000,1481.73107910156,2.84470777777775,176.459016248804
40.94000000,1494.25805664062,2.8390700898995,176.483606412718
40.94500000,1530.15100097656,2.90375313318402,176.508196576633
40.95000000,1552.39709472656,2.90880654589028,176.508196576633
40.95500000,1552.35095214844,2.98676341488941,176.532786740547
40.96000000,1536.45031738281,2.9374011866303,176.557376904461
40.96500000,1545.73669433594,2.96857319039683,176.581967068375
40.97000000,1547.01062011719,2.97177070775793,176.60655723229
40.97500000,1542.79565429687,2.9766429693016,176.631147396204
40.98000000,1560.52734375,3.00629127028856,176.655737560118
40.98500000,1570.84826660156,2.88833024872545,176.680327724033
40.99000000,1567.77563476562,2.91191928422665,176.680327724033
40.99500000,1561.71154785156,2.87436838864367,176.704917887947
41.00000000,1563.02319335938,2.87917252268749,176.729508051861
41.00500000,1553.38537597656,2.88009157006211,176.754098215775
41.01000000,1556.74499511719,2.86325351466196,176.77868837969
41.01500000,1584.17602539062,2.8617020530502,176.803278543604
41.02000000,1606.99462890625,2.91021920674256,176.827868707518
41.02500000,1603.39562988281,2.92346055250362,176.852458871432
41.03000000,1599.12609863281,2.94704952658166,176.852458871432
41.03500000,1626.16943359375,2.92271727730747,176.877049035347
41.04000000,1637.5009765625,2.94069621778263,176.901639199261
41.04500000,1656.2138671875,2.93775611500376,176.926229363175
41.05000000,1683.83532714844,2.92838243176255,176.95081952709
41.05500000,1699.42651367187,2.94815932542896,176.975409691004
41.06000000,1689.10986328125,2.96121812587538,176.999999854918
41.06500000,1692.17822265625,2.8999765301377,177.024590018832
41.07000000,1694.36340332031,2.97645614566369,177.024590018832
41.07500000,1670.83227539062,2.95812913757077,177.049180182747
41.08000000,1665.62915039062,2.93072626955499,177.073770346661
41.08500000,1656.61987304687,2.89834320550859,177.098360510575
41.09000000,1646.91760253906,2.87438088687859,177.122950674489
41.09500000,1647.93249511719,2.87306125203169,177.147540838404
41.10000000,1647.73376464844,2.88614285967237,177.172131002318
41.10500000,1628.20190429687,2.85220480115823,177.172131002318
41.11000000,1608.10888671875,2.92362447638221,177.196721166232
41.11500000,1619.48522949219,2.89592890295721,177.221311330146
41.12000000,1616.56237792969,2.84640223043806,177.245901494061
41.12500000,1605.87756347656,2.84996209095196,177.270491657975
41.13000000,1595.73571777344,2.86993660700322,177.295081821889
41.13500000,1597.11596679687,2.79787364934971,177.319671985804
41.14000000,1599.09533691406,2.95006637419506,177.319671985804
41.14500000,1604.81640625,2.88746065631136,177.344262149718
41.15000000,1616.46154785156,2.8679705558115,177.368852313632
41.15500000,1621.96008300781,2.90833780089358,177.393442477546
41.16000000,1618.27856445313,2.92387350450007,177.418032641461
41.16500000,1618.68591308594,2.90070990139519,177.442622805375
41.17000000,1622.69226074219,2.92560157743556,177.467212969289
41.17500000,1622.13232421875,2.97348737162133,177.491803133203
41.18000000,1618.4521484375,2.94401531340797,177.491803133203
41.18500000,1606.10290527344,2.94750781913908,177.516393297118
41.19000000,1579.8701171875,2.90673761366375,177.540983461032
41.19500000,1566.98608398438,2.92063951311617,177.565573624946
41.20000000,1559.96740722656,2.90920959395007,177.590163788861
41.20500000,1552.70092773438,2.86264682556785,177.614753952775
41.21000000,1534.73974609375,2.91843685132608,177.639344116689
41.21500000,1509.59594726562,2.87574899637192,177.639344116689
41.22000000,1484.78125,2.9958426865651,177.663934280603
41.22500000,1478.49597167969,2.91614031224327,177.688524444518
41.23000000,1485.26696777344,2.92303140937591,177.713114608432
41.23500000,1490.15795898438,2.96528089593106,177.737704772346
41.24000000,1497.75207519531,3.00189636124537,177.76229493626
41.24500000,1497.24816894531,3.03494938154998,177.786885100175
41.25000000,1510.3896484375,3.0253936268034,177.811475264089
41.25500000,1531.73571777344,2.97378837394195,177.836065428003
41.26000000,1535.04064941406,2.98865092175796,177.836065428003
41.26500000,1524.16259765625,3.01424663736846,177.860655591918
41.27000000,1502.7578125,2.95632260569121,177.885245755832
41.27500000,1482.00537109375,2.9415468194217,177.909835919746
41.28000000,1442.98937988281,2.93389883587402,177.93442608366
41.28500000,1420.69580078125,2.91628179077364,177.959016247575
41.29000000,1413.36767578125,2.90914485782393,177.983606411489
41.29500000,1398.54211425781,2.92424442296306,178.008196575403
41.30000000,1398.5546875,2.91959771628061,178.008196575403
41.30500000,1427.48913574219,2.8590789236502,178.032786739317
41.31000000,1479.0419921875,2.88431677739327,178.057376903232
41.31500000,1518.990234375,2.89616730367377,178.081967067146
41.32000000,1560.359375,2.87487672534888,178.10655723106
41.32500000,1587.18286132813,2.84359166033803,178.131147394974
41.33000000,1586.2421875,2.82380345196977,178.155737558889
41.33500000,1575.95617675781,2.80090059778891,178.155737558889
41.34000000,1565.48828125,2.80888122422699,178.180327722803
41.34500000,1560.87451171875,2.78227794478945,178.204917886717
41.35000000,1556.080078125,2.79400298110701,178.229508050632
41.35500000,1559.52087402344,2.80500280003476,178.254098214546
41.36000000,1554.79223632813,2.72907514588759,178.27868837846
41.36500000,1529.890625,2.67168554276115,178.27868837846
41.37000000,1511.26879882813,2.71343560017396,178.303278542374
41.37500000,1499.83776855469,2.68555548766908,178.327868706289
41.38000000,1502.04113769531,2.67134674332523,178.352458870203
41.38500000,1503.62854003906,2.74549825844507,178.377049034117
41.39000000,1515.87561035156,2.67183239310043,178.377049034117
41.39500000,1503.79931640625,2.6528442151669,178.401639198031
41.40000000,1471.93786621094,2.67348194097907,178.426229361946
41.40500000,1440.61669921875,2.68765070282652,178.45081952586
41.41000000,1422.27612304688,2.66558998620948,178.475409689774
41.41500000,1423.28259277344,2.70324124854938,178.475409689774
41.42000000,1433.83459472656,2.7228560978391,178.499999853689
41.42500000,1458.08374023438,2.73282461653668,178.524590017603
41.43000000,1460.97302246094,2.73414642080389,178.549180181517
41.43500000,1469.03881835938,2.7254179592771,178.573770345431
41.44000000,1480.5244140625,2.70212087734518,178.573770345431
41.44500000,1498.64099121094,2.72558498398886,178.598360509346
41.45000000,1527.65515136719,2.66355700304875,178.62295067326
41.45500000,1552.68408203125,2.63664635465269,178.647540837174
41.46000000,1587.12817382813,2.67582647287674,178.672131001088
41.46500000,1596.33203125,2.63123060744747,178.672131001088
41.47000000,1584.35095214844,2.72253445205578,178.696721165003
41.47500000,1563.9443359375,2.69140894190547,178.721311328917
41.48000000,1539.32409667969,2.6604249949981,178.745901492831
41.48500000,1508.26330566406,2.70586182640898,178.770491656746
41.49000000,1496.40686035156,2.74662175281254,178.770491656746
41.49500000,1509.19140625,2.83028487808861,178.79508182066
41.50000000,1535.83435058594,2.849748725057,178.819671984574
41.50500000,1561.52954101562,2.83484752035462,178.844262148488
41.51000000,1577.74096679687,2.81965574632193,178.868852312403
41.51500000,1610.89172363281,2.81750512543129,178.893442476317
41.52000000,1636.73950195313,2.81071524737458,178.918032640231
41.52500000,1690.05334472656,2.77377266148224,178.918032640231
41.53000000,1723.74011230469,2.74582874068418,178.942622804145
41.53500000,1727.41333007813,2.74790094986515,178.96721296806
41.54000000,1719.20056152344,2.75698628083325,178.991803131974
41.54500000,1708.78161621094,2.75334254256569,179.016393295888
41.55000000,1696.50378417969,2.77539681761553,179.016393295888
41.55500000,1666.78955078125,2.78270687054744,179.040983459802
41.56000000,1651.19409179687,2.76906342124434,179.065573623717
41.56500000,1649.76904296875,2.78945767627885,179.090163787631
41.57000000,1663.99548339844,2.83103473144122,179.114753951545
41.57500000,1660.56591796875,2.84762747206889,179.13934411546
41.58000000,1662.65588378906,2.85773365918379,179.163934279374
41.58500000,1668.47644042969,2.86722382777357,179.163934279374
41.59000000,1653.64379882813,2.8684721190696,179.188524443288
41.59500000,1639.32360839844,2.87653554364423,179.213114607202
41.60000000,1606.74401855469,2.86062556256952,179.237704771117
41.60500000,1576.51892089844,2.84163592471753,179.262294935031
41.61000000,1540.31103515625,2.85551918595834,179.286885098945
41.61500000,1508.34729003906,2.75401217381174,179.286885098945
41.62000000,1491.01184082031,2.7051304261117,179.311475262859
41.62500000,1476.33325195313,2.73575532609501,179.336065426774
41.63000000,1477.68835449219,2.73126261470205,179.360655590688
41.63500000,1465.47619628906,2.69455511336212,179.385245754602
41.64000000,1480.51599121094,2.82037297038525,179.409835918517
41.64500000,1495.59069824219,2.75631922285631,179.409835918517
41.65000000,1527.73352050781,2.72347257584251,179.434426082431
41.65500000,1570.69567871094,2.76022236126102,179.459016246345
41.66000000,1600.32434082031,2.79338255696893,179.483606410259
41.66500000,1611.94580078125,2.75236611240129,179.508196574174
41.67000000,1598.86291503906,2.76322429290829,179.508196574174
41.67500000,1587.34240722656,2.76962326340353,179.532786738088
41.68000000,1565.06140136719,2.75712819347746,179.557376902002
41.68500000,1556.83459472656,2.72645150876762,179.581967065916
41.69000000,1538.75305175781,2.69102450907226,179.606557229831
41.69500000,1514.77954101562,2.67290588793156,179.631147393745
41.70000000,1498.15380859375,2.71312727402317,179.631147393745
41.70500000,1468.77416992187,2.67339637417939,179.655737557659
41.71000000,1445.21228027344,2.68058789444818,179.680327721574
41.71500000,1416.26245117188,2.71739665649513,179.704917885488
41.72000000,1424.80285644531,2.67154346955853,179.729508049402
41.72500000,1445.59033203125,2.78895104026544,179.729508049402
41.73000000,1470.15307617187,2.72539245036799,179.754098213316
41.73500000,1520.29064941406,2.70308944668946,179.778688377231
41.74000000,1569.14318847656,2.73008085630995,179.803278541145
41.74500000,1611.46423339844,2.74943762421185,179.827868705059
41.75000000,1641.09716796875,2.77200896714404,179.827868705059
41.75500000,1685.271484375,2.75147649368471,179.852458868973
41.76000000,1726.53564453125,2.70654016107554,179.877049032888
41.76500000,1766.76806640625,2.69017182202254,179.901639196802
41.77000000,1799.82495117187,2.71374903256114,179.926229360716
41.77500000,1810.72827148438,2.71782530118436,179.926229360716
41.78000000,1797.86242675781,2.71568306639045,179.95081952463
41.78500000,1773.12182617187,2.71229887390177,179.975409688545
41.79000000,1775.50439453125,2.73006397628135,179.999999852459
41.79500000,1759.31115722656,2.75812470018731,180.024590016373
41.80000000,1759.49597167969,2.76221369194362,180.049180180288
41.80500000,1755.9501953125,2.77790952205993,180.049180180288
41.81000000,1759.20483398438,2.79015337222596,180.073770344202
41.81500000,1757.98132324219,2.76789506086948,180.098360508116
41.82000000,1770.67639160156,2.75523454888043,180.12295067203
41.82500000,1817.92199707031,2.77031381624947,180.147540835945
41.83000000,1846.97399902344,2.77259236023144,180.172130999859
41.83500000,1871.34631347656,2.75952039818068,180.172130999859
41.84000000,1883.95178222656,2.75621302468872,180.196721163773
41.84500000,1902.65344238281,2.75893001884626,180.221311327687
41.85000000,1901.583984375,2.76773020938705,180.245901491602
41.85500000,1885.68896484375,2.7745745251955,180.270491655516
41.86000000,1878.65759277344,2.74660723357153,180.270491655516
41.86500000,1859.53601074219,2.81754568043706,180.29508181943
41.87000000,1850.787109375,2.79739907695301,180.319671983345
41.87500000,1816.43957519531,2.76779816158772,180.344262147259
41.88000000,1778.99829101562,2.78660358858994,180.368852311173
41.88500000,1747.47277832031,2.84297862315441,180.393442475087
41.89000000,1728.78088378906,2.77759001034155,180.393442475087
41.89500000,1714.31518554687,2.90361538296891,180.418032639002
41.90000000,1694.48791503906,2.84823802919561,180.442622802916
41.90500000,1681.92590332031,2.80863537403941,180.46721296683
41.91000000,1671.77160644531,2.82418771281711,180.491803130744
41.91500000,1657.53955078125,2.84202487741191,180.516393294659
41.92000000,1641.06921386719,2.78923934076844,180.540983458573
41.92500000,1629.76416015625,2.80599601635423,180.540983458573
41.93000000,1621.87890625,2.83506116711024,180.565573622487
41.93500000,1600.57775878906,2.83379897682969,180.590163786402
41.94000000,1597.74169921875,2.83970983533785,180.614753950316
41.94500000,1593.41064453125,2.85078194654236,180.63934411423
41.95000000,1587.19396972656,2.83857680986885,180.663934278144
41.95500000,1589.19580078125,2.89663411576094,180.663934278144
41.96000000,1590.38562011719,2.8243040776234,180.688524442059
41.96500000,1607.24377441406,2.85916238210774,180.713114605973
41.97000000,1609.935546875,2.84641407866105,180.737704769887
41.97500000,1638.38427734375,2.85724007274975,180.762294933801
41.98000000,1651.06396484375,2.89081922276987,180.786885097716
41.98500000,1646.35217285156,2.77196947982392,180.81147526163
41.99000000,1633.0537109375,2.78003388047853,180.81147526163
41.99500000,1609.24694824219,2.78092726326077,180.836065425544
42.00000000,1576.43640136719,2.79467828273011,180.860655589458
42.00500000,1547.4892578125,2.81021822252931,180.885245753373
42.01000000,1560.86047363281,2.80948456179592,180.909835917287
42.01500000,1580.27746582031,2.78433736183028,180.934426081201
42.02000000,1587.25695800781,2.78765298811478,180.934426081201
42.02500000,1579.20104980469,2.82028326102396,180.959016245116
42.03000000,1569.51696777344,2.80865834118784,180.98360640903
42.03500000,1564.21166992187,2.78748954530195,181.008196572944
42.04000000,1565.90258789062,2.78037002223471,181.032786736858
42.04500000,1587.38854980469,2.77073475246141,181.057376900773
42.05000000,1613.14685058594,2.68346034587527,181.057376900773
42.05500000,1637.71801757813,2.64823069689951,181.081967064687
42.06000000,1657.40515136719,2.61260614200595,181.106557228601
42.06500000,1679.26342773438,2.57476015903942,181.131147392515
42.07000000,1689.84899902344,2.55912163632012,181.131147392515
42.07500000,1678.24572753906,2.58725989826113,181.15573755643
42.08000000,1690.75317382813,2.60685795647974,181.180327720344
42.08500000,1687.15710449219,2.61823953420251,181.204917884258
42.09000000,1670.669921875,2.62554456809495,181.229508048173
42.09500000,1659.46984863281,2.62702410618274,181.229508048173
42.10000000,1652.90893554687,2.64873923363332,181.254098212087
42.10500000,1620.68908691406,2.67144695213413,181.278688376001
42.11000000,1593.57019042969,2.67628852487421,181.303278539915
42.11500000,1576.94165039062,2.64988725003786,181.32786870383
42.12000000,1565.82849121094,2.69983702009843,181.32786870383
42.12500000,1564.70581054687,2.66664127789797,181.352458867744
42.13000000,1557.53588867187,2.61996983513957,181.377049031658
42.13500000,1567.84985351562,2.60296653501935,181.401639195572
42.14000000,1570.85241699219,2.66129046652142,181.401639195572
42.14500000,1579.13659667969,2.58796503009208,181.426229359487
42.15000000,1604.04650878906,2.63886092150079,181.450819523401
42.15500000,1636.06896972656,2.67246301024574,181.475409687315
42.16000000,1644.57434082031,2.60685519584728,181.49999985123
42.16500000,1627.56921386719,2.59739341649425,181.49999985123
42.17000000,1604.50012207031,2.66461506861568,181.524590015144
42.17500000,1561.15588378906,2.68161149114624,181.549180179058
42.18000000,1508.67626953125,2.68896636149278,181.573770342972
42.18500000,1480.17016601562,2.74885338928378,181.598360506887
42.19000000,1446.77734375,2.7619102203492,181.598360506887
42.19500000,1408.72729492188,2.75367855491202,181.622950670801
42.20000000,1385.66223144531,2.77551385954702,181.647540834715
42.20500000,1393.59375,2.77456603746093,181.672130998629
42.21000000,1385.30395507812,2.7687955403313,181.696721162544
42.21500000,1381.33264160156,2.83557697283108,181.721311326458
42.22000000,1401.50415039062,2.76443480478625,181.721311326458
42.22500000,1413.3369140625,2.83258297813613,181.745901490372
42.23000000,1427.10974121094,2.8417485112253,181.770491654286
42.23500000,1449.23120117187,2.87810251462073,181.795081818201
42.24000000,1475.40795898438,2.89914683889294,181.819671982115
42.24500000,1478.39379882813,2.82472410353652,181.844262146029
42.25000000,1480.17724609375,2.84286083085736,181.868852309944
42.25500000,1483.78735351562,2.84056636476171,181.868852309944
42.26000000,1457.29418945313,2.85866356346209,181.893442473858
42.26500000,1423.24206542969,2.8594897481659,181.918032637772
42.27000000,1398.09692382812,2.8302086750455,181.942622801686
42.27500000,1381.42919921875,2.79947136265398,181.967212965601
42.28000000,1341.09460449219,2.81570659109171,181.991803129515
42.28500000,1330.75830078125,2.82823882510913,181.991803129515
42.29000000,1346.59167480469,2.76856164104663,182.016393293429
42.29500000,1359.89001464844,2.73872345529542,182.040983457343
42.30000000,1396.18200683594,2.72396872294068,182.065573621258
42.30500000,1465.06884765625,2.70094608178245,182.090163785172
42.31000000,1526.81811523438,2.65668111223609,182.090163785172
42.31500000,1568.01220703125,2.66153885801427,182.114753949086
42.32000000,1603.9345703125,2.64576890718379,182.139344113001
42.32500000,1620.25659179687,2.61815907298527,182.163934276915
42.33000000,1641.66687011719,2.59719966800847,182.188524440829
42.33500000,1655.06469726562,2.63870871850561,182.188524440829
42.34000000,1673.73974609375,2.64625500255868,182.213114604743
42.34500000,1674.70141601562,2.64867813153024,182.237704768658
42.35000000,1669.0712890625,2.64247827986829,182.262294932572
42.35500000,1664.95446777344,2.61906651575746,182.286885096486
42.36000000,1643.16467285156,2.6024544030895,182.286885096486
42.36500000,1616.28662109375,2.58453140331023,182.3114752604
42.37000000,1579.88830566406,2.5404554609017,182.336065424315
42.37500000,1565.82983398438,2.47976381417649,182.360655588229
42.38000000,1565.72351074219,2.53611032253828,182.360655588229
42.38500000,1586.44506835938,2.50075745670487,182.385245752143
42.39000000,1604.79968261719,2.45863310781461,182.409835916058
42.39500000,1616.65063476562,2.44431749770513,182.434426079972
42.40000000,1619.89392089844,2.49894322631216,182.434426079972
42.40500000,1634.00146484375,2.46539234248619,182.459016243886
42.41000000,1660.52819824219,2.45690487803349,182.4836064078
42.41500000,1684.7451171875,2.56123936692948,182.508196571715
42.42000000,1720.51635742187,2.53095295757798,182.508196571715
42.42500000,1727.08569335938,2.55152982675672,182.532786735629
42.43000000,1706.62866210938,2.6168720496181,182.557376899543
42.43500000,1682.939453125,2.70060244474957,182.581967063457
42.44000000,1664.84240722656,2.69632244457814,182.581967063457
42.44500000,1646.6572265625,2.71824534645205,182.606557227372
42.45000000,1632.21801757813,2.76033526521638,182.631147391286
42.45500000,1628.36010742187,2.7663667207254,182.6557375552
42.46000000,1622.25830078125,2.74216464397139,182.680327719114
42.46500000,1600.46301269531,2.76816445577573,182.704917883029
42.47000000,1554.00695800781,2.7129159099899,182.704917883029
42.47500000,1551.37939453125,2.74329435989933,182.729508046943
42.48000000,1569.84033203125,2.70857615074951,182.754098210857
42.48500000,1588.96337890625,2.65577257147502,182.778688374772
42.49000000,1598.17004394531,2.68740097597706,182.803278538686
42.49500000,1602.7978515625,2.6401343582716,182.803278538686
42.50000000,1610.05041503906,2.72141973547523,182.8278687026
42.50500000,1613.45336914062,2.71303128482413,182.852458866514
42.51000000,1632.08093261719,2.65990998502595,182.877049030429
42.51500000,1652.47351074219,2.69045818280089,182.901639194343
42.52000000,1668.28039550781,2.6833830641624,182.901639194343
42.52500000,1681.06506347656,2.7191300408925,182.926229358257
42.53000000,1671.88073730469,2.72596923496746,182.950819522171
42.53500000,1644.96765136719,2.69125622946315,182.975409686086
42.54000000,1618.79650878906,2.63178380779655,182.99999985
42.54500000,1620.21459960938,2.60736621269239,182.99999985
42.55000000,1612.19348144531,2.58110385502697,183.024590013914
42.55500000,1610.89733886719,2.57050343010964,183.049180177829
42.56000000,1616.02624511719,2.56665739001556,183.073770341743
42.56500000,1616.74438476562,2.52346817898872,183.073770341743
42.57000000,1602.7041015625,2.52751880575502,183.098360505657
42.57500000,1593.69763183594,2.50492365829083,183.122950669571
42.58000000,1612.73669433594,2.46361735130324,183.147540833486
42.58500000,1627.35083007813,2.47073717483972,183.147540833486
42.59000000,1669.70959472656,2.46412030926283,183.1721309974
42.59500000,1703.43286132813,2.45507731336779,183.196721161314
42.60000000,1710.10021972656,2.4506973121216,183.221311325228
42.60500000,1702.79174804687,2.48804715291896,183.221311325228
42.61000000,1686.41796875,2.48830304798144,183.245901489143
42.61500000,1695.37829589844,2.47882617811867,183.270491653057
42.62000000,1683.294921875,2.47343641130143,183.295081816971
42.62500000,1680.47570800781,2.45461932848119,183.295081816971
42.63000000,1692.73254394531,2.45380197502715,183.319671980886
42.63500000,1708.90759277344,2.46463456352676,183.3442621448
42.64000000,1694.02185058594,2.48164713894359,183.3442621448
42.64500000,1657.49194335938,2.46392646843431,183.368852308714
42.65000000,1661.291015625,2.49242518033228,183.393442472628
42.65500000,1667.98229980469,2.52908340117278,183.418032636543
42.66000000,1681.07067871094,2.49635139742121,183.418032636543
42.66500000,1673.64172363281,2.48670731736209,183.442622800457
42.67000000,1676.54504394531,2.52208391844412,183.467212964371
42.67500000,1665.29602050781,2.55875737233994,183.491803128285
42.68000000,1654.94982910156,2.51129506374015,183.491803128285
42.68500000,1640.34130859375,2.64458761556483,183.5163932922
42.69000000,1595.06384277344,2.63304466523996,183.540983456114
42.69500000,1566.69909667969,2.58125893214591,183.565573620028
42.70000000,1526.12231445313,2.5837035359702,183.590163783942
42.70500000,1487.7236328125,2.61556191290268,183.590163783942
42.71000000,1455.78100585938,2.59596545817827,183.614753947857
42.71500000,1455.83837890625,2.5848739745973,183.639344111771
42.72000000,1465.2705078125,2.59095873024862,183.663934275685
42.72500000,1463.88598632813,2.58660724737221,183.663934275685
42.73000000,1468.02673339844,2.58138546139035,183.6885244396
42.73500000,1484.20593261719,2.59638725328383,183.713114603514
42.74000000,1504.95971679687,2.60611934193092,183.737704767428
42.74500000,1528.35791015625,2.58304440545043,183.762294931342
42.75000000,1540.5322265625,2.62291767452576,183.762294931342
42.75500000,1568.59875488281,2.57731521572059,183.786885095257
42.76000000,1600.73315429687,2.55557641829385,183.811475259171
42.76500000,1635.11145019531,2.58138958232883,183.836065423085
42.77000000,1655.36145019531,2.5132048225597,183.836065423085
42.77500000,1669.15954589844,2.56218028942359,183.860655586999
42.78000000,1669.65368652344,2.54767342534793,183.885245750914
42.78500000,1653.39184570313,2.4629712122026,183.909835914828
42.79000000,1633.57592773438,2.46424699838341,183.909835914828
42.79500000,1625.66967773438,2.46437148456958,183.934426078742
42.80000000,1628.42309570313,2.47455212957986,183.959016242657
42.80500000,1623.9814453125,2.49495895951504,183.983606406571
42.81000000,1615.52648925781,2.48180278982034,183.983606406571
42.81500000,1609.75927734375,2.45772571120202,184.008196570485
42.82000000,1608.779296875,2.44281456028787,184.032786734399
42.82500000,1615.37109375,2.45086716410453,184.032786734399
42.83000000,1605.31762695313,2.47268181356031,184.057376898314
42.83500000,1595.78051757813,2.45617755501764,184.081967062228
42.84000000,1557.50366210938,2.42733255099929,184.106557226142
42.84500000,1535.4423828125,2.42390147389794,184.106557226142
42.85000000,1522.77111816406,2.42832672826402,184.131147390056
42.85500000,1523.89660644531,2.41420937670504,184.155737553971
42.86000000,1548.56994628906,2.38529091519462,184.180327717885
42.86500000,1571.88549804687,2.40503168772287,184.180327717885
42.87000000,1611.19689941406,2.3979770235657,184.204917881799
42.87500000,1617.05651855469,2.37804407020312,184.229508045714
42.88000000,1614.65307617187,2.35463557384802,184.229508045714
42.88500000,1610.31494140625,2.38501815175522,184.254098209628
42.89000000,1632.86059570313,2.40811125557426,184.278688373542
42.89500000,1666.12744140625,2.41347311576123,184.303278537456
42.90000000,1669.48706054687,2.41105195449527,184.303278537456
42.90500000,1669.59069824219,2.40476177077344,184.327868701371
42.91000000,1646.15478515625,2.40077583609562,184.352458865285
42.91500000,1643.6826171875,2.40627264558392,184.352458865285
42.92000000,1637.59753417969,2.41840450019172,184.377049029199
42.92500000,1632.99499511719,2.41415721485058,184.401639193113
42.93000000,1620.39086914062,2.40394646601853,184.426229357028
42.93500000,1619.86743164062,2.46427931033682,184.426229357028
42.94000000,1621.458984375,2.44959198880712,184.450819520942
42.94500000,1619.83239746094,2.42169573984072,184.475409684856
42.95000000,1625.62341308594,2.40868571460657,184.475409684856
42.95500000,1612.31811523438,2.47588440622881,184.49999984877
42.96000000,1610.41577148438,2.45742314664522,184.524590012685
42.96500000,1618.36120605469,2.43504493292809,184.549180176599
42.97000000,1652.47778320313,2.53080059521798,184.549180176599
42.97500000,1667.82409667969,2.46829832726888,184.573770340513
42.98000000,1657.77465820313,2.43494249890479,184.598360504428
42.98500000,1648.56384277344,2.44009303547206,184.622950668342
42.99000000,1644.08715820313,2.4806916605831,184.622950668342
42.99500000,1632.77233886719,2.45598379809473,184.647540832256
43.00000000,1635.80444335938,2.44308720500107,184.67213099617
43.00500000,1658.958984375,2.45986652760602,184.696721160085
43.01000000,1678.64477539062,2.48506646586559,184.696721160085
43.01500000,1698.34033203125,2.49059316076755,184.721311323999
43.02000000,1707.44616699219,2.49049838474561,184.745901487913
43.02500000,1695.11364746094,2.49061012515202,184.770491651827
43.03000000,1694.02185058594,2.47116012066694,184.770491651827
43.03500000,1688.98107910156,2.50770508346989,184.795081815742
43.04000000,1682.43127441406,2.52122598453472,184.819671979656
43.04500000,1675.31030273438,2.45937960188715,184.84426214357
43.05000000,1651.48522949219,2.51616069707385,184.84426214357
43.05500000,1606.70202636719,2.50929298503027,184.868852307485
43.06000000,1579.72314453125,2.51036893204238,184.893442471399
43.06500000,1563.12817382813,2.57309131493808,184.918032635313
43.07000000,1550.1826171875,2.46844429983692,184.918032635313
43.07500000,1541.25732421875,2.44003278586194,184.942622799227
43.08000000,1536.47692871094,2.43979492395444,184.967212963142
43.08500000,1536.29626464844,2.41498090378567,184.967212963142
43.09000000,1524.85693359375,2.41701650364623,184.991803127056
43.09500000,1528.294921875,2.41357497754867,185.01639329097
43.10000000,1532.2158203125,2.39865401774802,185.040983454884
43.10500000,1550.64038085938,2.35701964750913,185.040983454884
43.11000000,1590.87561035156,2.33964481855232,185.065573618799
43.11500000,1638.69921875,2.34376505310672,185.090163782713
43.12000000,1671.04089355469,2.37899162668755,185.090163782713
43.12500000,1669.51501464844,2.35873920325052,185.114753946627
43.13000000,1672.22937011719,2.34346317239961,185.139344110542
43.13500000,1652.712890625,2.34862756569459,185.139344110542
43.14000000,1624.2880859375,2.36704351407392,185.163934274456
43.14500000,1582.23303222656,2.36860398977963,185.18852443837
43.15000000,1532.29418945313,2.36245003517429,185.213114602284
43.15500000,1496.90100097656,2.38106490579788,185.213114602284
43.16000000,1475.29187011719,2.37426722922195,185.237704766199
43.16500000,1482.32873535156,2.34309008727979,185.262294930113
43.17000000,1495.26171875,2.27997012275012,185.262294930113
43.17500000,1522.31066894531,2.26393449124379,185.286885094027
43.18000000,1556.41455078125,2.25377392399771,185.311475257941
43.18500000,1585.21459960938,2.24030676932077,185.311475257941
43.19000000,1618.96032714844,2.23611984876189,185.336065421856
43.19500000,1642.52221679687,2.2334507525124,185.36065558577
43.20000000,1673.5283203125,2.23110020666899,185.36065558577
43.20500000,1691.60852050781,2.23989479291688,185.385245749684
43.21000000,1705.21765136719,2.25269080688393,185.409835913598
43.21500000,1688.0361328125,2.26934987265083,185.409835913598
43.22000000,1638.93298339844,2.26388613669394,185.434426077513
43.22500000,1593.90063476562,2.28374308350309,185.459016241427
43.23000000,1574.17980957031,2.34228688328165,185.459016241427
43.23500000,1557.84106445313,2.31079885075776,185.483606405341
43.24000000,1544.96826171875,2.28653998915787,185.508196569256
43.24500000,1550.98193359375,2.27262877925203,185.53278673317
43.25000000,1556.82897949219,2.3113695566176,185.53278673317
43.25500000,1553.46374511719,2.28740521348523,185.557376897084
43.26000000,1559.79797363281,2.23793130117792,185.581967060998
43.26500000,1574.1826171875,2.31819991365556,185.581967060998
43.27000000,1576.14514160156,2.30141385771114,185.606557224913
43.27500000,1558.81811523438,2.24799507439691,185.631147388827
43.28000000,1541.36926269531,2.2414238481065,185.631147388827
43.28500000,1536.3984375,2.28284535887686,185.655737552741
43.29000000,1546.19030761719,2.32558373945326,185.680327716655
43.29500000,1547.52990722656,2.30486088804619,185.680327716655
43.30000000,1534.34350585938,2.3314577503406,185.70491788057
43.30500000,1520.52587890625,2.36399311239082,185.729508044484
43.31000000,1529.74645996094,2.38484749980036,185.729508044484
43.31500000,1546.67321777344,2.37109422404295,185.754098208398
43.32000000,1557.62548828125,2.37218373093927,185.778688372313
43.32500000,1546.953125,2.38008752908278,185.803278536227
43.33000000,1527.53479003906,2.34376427746576,185.803278536227
43.33500000,1507.8349609375,2.35354036877729,185.827868700141
43.34000000,1505.05639648438,2.36091826731241,185.852458864055
43.34500000,1503.27722167969,2.31273010674251,185.852458864055
43.35000000,1500.86242675781,2.35329397248288,185.87704902797
43.35500000,1483.19384765625,2.37464190208895,185.901639191884
43.36000000,1486.18664550781,2.3459613616448,185.901639191884
43.36500000,1503.15954589844,2.43312315433219,185.926229355798
43.37000000,1534.06494140625,2.41287402832308,185.950819519712
43.37500000,1581.57788085938,2.35469321209678,185.975409683627
43.38000000,1625.49609375,2.38565404311474,185.975409683627
43.38500000,1661.45068359375,2.38447200951012,185.999999847541
43.39000000,1683.92907714844,2.37304760350394,186.024590011455
43.39500000,1694.92749023438,2.35776596816557,186.024590011455
43.40000000,1692.39660644531,2.30891108874001,186.04918017537
43.40500000,1674.10925292969,2.25929913462174,186.073770339284
43.41000000,1643.27526855469,2.20979163642879,186.073770339284
43.41500000,1602.3037109375,2.19083510228968,186.098360503198
43.42000000,1569.97888183594,2.18957833715425,186.122950667112
43.42500000,1516.72534179687,2.20941963304334,186.122950667112
43.43000000,1467.53540039062,2.19507240166944,186.147540831027
43.43500000,1451.08044433594,2.18446463564187,186.172130994941
43.44000000,1468.55029296875,2.18304496750101,186.172130994941
43.44500000,1514.41979980469,2.2054962323654,186.196721158855
43.45000000,1587.20666503906,2.21671120353096,186.221311322769
43.45500000,1671.96472167969,2.20069292474849,186.221311322769
43.46000000,1721.13513183594,2.20194031614551,186.245901486684
43.46500000,1748.30578613281,2.19743109141537,186.270491650598
43.47000000,1755.83544921875,2.17210963666271,186.270491650598
43.47500000,1751.85009765625,2.14534018700315,186.295081814512
43.48000000,1726.57336425781,2.12744692071235,186.319671978426
43.48500000,1700.70324707031,2.15164179394024,186.319671978426
43.49000000,1652.61633300781,2.16373722632354,186.344262142341
43.49500000,1588.49169921875,2.16830350983276,186.368852306255
43.50000000,1495.46337890625,2.16836549307807,186.368852306255
43.50500000,1429.18005371094,2.16506530048204,186.393442470169
43.51000000,1391.97131347656,2.1588619873718,186.393442470169
43.51500000,1380.34851074219,2.1568667462964,186.418032634084
43.52000000,1404.20715332031,2.16172670146047,186.442622797998
43.52500000,1449.06750488281,2.17565751607195,186.442622797998
43.53000000,1501.62255859375,2.15804210870436,186.467212961912
43.53500000,1569.79553222656,2.15299100595306,186.491803125826
43.54000000,1681.40515136719,2.18258204268901,186.491803125826
43.54500000,1784.17492675781,2.16264037541022,186.516393289741
43.55000000,1890.05078125,2.13416770695457,186.540983453655
43.55500000,1962.486328125,2.12155761464187,186.540983453655
43.56000000,2000.47619628906,2.1469109291263,186.565573617569
43.56500000,1999.71044921875,2.18433469214184,186.590163781483
43.57000000,1948.47680664062,2.14229631346469,186.590163781483
43.57500000,1858.12072753906,2.16538004043434,186.614753945398
43.58000000,1754.16674804687,2.2434886014806,186.639344109312
43.58500000,1645.45068359375,2.2144350118751,186.639344109312
43.59000000,1539.89660644531,2.20150012702559,186.663934273226
43.59500000,1450.33715820313,2.20416090759274,186.663934273226
43.60000000,1371.19091796875,2.25158329007931,186.688524437141
43.60500000,1305.37097167969,2.25874952540209,186.713114601055
43.61000000,1260.02075195312,2.22734956059842,186.737704764969
43.61500000,1258.75952148438,2.22347337546003,186.737704764969
43.62000000,1311.21252441406,2.22777806774332,186.762294928883
43.62500000,1385.69445800781,2.24027170596254,186.786885092798
43.63000000,1441.24658203125,2.21483480948695,186.786885092798
43.63500000,1494.69201660156,2.1988401862055,186.811475256712
43.64000000,1565.59753417969,2.19314506083543,186.811475256712
43.64500000,1613.123046875,2.16554856463284,186.836065420626
43.65000000,1630.53125,2.16386010745134,186.86065558454
43.65500000,1636.6611328125,2.20488485237507,186.86065558454
43.66000000,1635.66577148438,2.17099658154434,186.885245748455
43.66500000,1621.87756347656,2.15784628265152,186.909835912369
43.67000000,1598.73413085938,2.21771416611632,186.909835912369
43.67500000,1560.28796386719,2.22100865968907,186.934426076283
43.68000000,1497.56164550781,2.23456550216424,186.959016240198
43.68500000,1424.83508300781,2.30946765035879,186.959016240198
43.69000000,1361.76025390625,2.25493215346077,186.983606404112
43.69500000,1324.15393066406,2.20467790972376,187.008196568026
43.70000000,1291.92980957031,2.21673760650975,187.008196568026
43.70500000,1262.11071777344,2.20706487223706,187.03278673194
43.71000000,1231.94580078125,2.19580851173582,187.057376895855
43.71500000,1234.01196289062,2.19401501525131,187.057376895855
43.72000000,1251.89904785156,2.19293507291425,187.081967059769
43.72500000,1301.26391601562,2.18508098130597,187.106557223683
43.73000000,1366.826171875,2.15246564934487,187.106557223683
43.73500000,1430.53234863281,2.11894239125829,187.131147387597
43.74000000,1486.60388183594,2.08572975513754,187.155737551512
43.74500000,1559.23803710938,2.06831715717869,187.155737551512
43.75000000,1601.43444824219,2.03814214944053,187.180327715426
43.75500000,1610.98693847656,1.99022640373559,187.180327715426
43.76000000,1612.3642578125,1.95661641195604,187.20491787934
43.76500000,1598.41223144531,1.9285087284558,187.20491787934
43.77000000,1570.2294921875,1.93354402689491,187.229508043254
43.77500000,1525.96142578125,1.93750280717175,187.254098207169
43.78000000,1497.04650878906,1.93658297808922,187.254098207169
43.78500000,1450.09777832031,1.94239256787669,187.278688371083
43.79000000,1422.03393554688,1.95439747203061,187.278688371083
43.79500000,1418.61840820312,1.97728242670766,187.303278534997
43.80000000,1387.07885742188,1.99832601838533,187.327868698912
43.80500000,1376.56481933594,1.98960832016389,187.327868698912
43.81000000,1393.10791015625,2.00163480167138,187.352458862826
43.81500000,1425.18774414062,2.04001822375121,187.352458862826
43.82000000,1458.30773925781,2.05267283186832,187.37704902674
43.82500000,1474.46032714844,2.05541436613841,187.401639190654
43.83000000,1501.39025878906,2.04102640204262,187.401639190654
43.83500000,1529.32092285156,2.02288533932565,187.426229354569
43.84000000,1525.60998535156,2.00134781800974,187.426229354569
43.84500000,1483.76635742187,1.98741870735992,187.450819518483
43.85000000,1456.80847167969,1.97759293650638,187.475409682397
43.85500000,1425.95068359375,1.98316689933738,187.475409682397
43.86000000,1397.65185546875,1.97883399196447,187.499999846311
43.86500000,1381.48376464844,1.96296940694472,187.499999846311
43.87000000,1379.91882324219,1.99759624795206,187.524590010226
43.87500000,1372.73767089844,2.03927496149706,187.54918017414
43.88000000,1384.64038085938,2.0016772600518,187.54918017414
43.88500000,1396.93786621094,1.96595407123526,187.573770338054
43.89000000,1426.94738769531,1.93286634820182,187.573770338054
43.89500000,1470.8515625,1.94434194255541,187.598360501969
43.90000000,1497.24255371094,1.97766982906428,187.598360501969
43.90500000,1507.24145507813,1.93175692945716,187.622950665883
43.91000000,1496.58459472656,1.90743767886968,187.647540829797
43.91500000,1500.09252929687,1.97412535299698,187.647540829797
43.92000000,1520.12414550781,1.99158627566089,187.672130993711
43.92500000,1547.28076171875,1.96595733788259,187.672130993711
43.93000000,1560.78771972656,1.96848708145117,187.696721157626
43.93500000,1555.70495605469,1.97952827592291,187.72131132154
43.94000000,1545.0087890625,2.00769100105312,187.72131132154
43.94500000,1511.80065917969,2.00573550224837,187.745901485454
43.95000000,1480.62658691406,1.96965993461413,187.745901485454
43.95500000,1447.38342285156,1.9580092763396,187.770491649368
43.96000000,1435.95666503906,1.95439633945712,187.795081813283
43.96500000,1448.44177246094,1.95693710245266,187.795081813283
43.97000000,1468.84838867187,1.94980184787436,187.819671977197
43.97500000,1511.26879882813,1.92311406861642,187.819671977197
43.98000000,1543.77551269531,1.93279918890382,187.844262141111
43.98500000,1590.54516601562,1.9691359236422,187.844262141111
43.99000000,1643.10314941406,1.95079840224609,187.868852305026
43.99500000,1700.2119140625,1.93551539303431,187.89344246894
44.00000000,1764.26379394531,1.98602405552109,187.89344246894
44.00500000,1793.27941894531,1.99749404536307,187.918032632854
44.01000000,1797.94494628906,1.96550496597711,187.918032632854
44.01500000,1767.43298339844,1.9794595027061,187.942622796768
44.02000000,1745.32824707031,2.00230716349301,187.967212960683
44.02500000,1707.13122558594,1.96766149170133,187.967212960683
44.03000000,1672.41687011719,1.95772538232025,187.991803124597
44.03500000,1635.09753417969,1.99078257598871,187.991803124597
44.04000000,1617.77746582031,1.95421418863024,188.016393288511
44.04500000,1583.30529785156,1.88625551514788,188.016393288511
44.05000000,1551.20446777344,1.89437785216777,188.040983452425
44.05500000,1520.10583496094,1.90669385528011,188.06557361634
44.06000000,1511.11059570313,1.89744639743905,188.06557361634
44.06500000,1536.28784179687,1.89628667578392,188.090163780254
44.07000000,1579.08056640625,1.90857902874259,188.090163780254
44.07500000,1633.57727050781,1.90993423203027,188.114753944168
44.08000000,1678.72314453125,1.90466606784166,188.114753944168
44.08500000,1731.24182128906,1.87815814597352,188.139344108082
44.09000000,1767.10546875,1.84971446923716,188.163934271997
44.09500000,1793.18273925781,1.85002465882814,188.163934271997
44.10000000,1797.72387695313,1.85622428056437,188.188524435911
44.10500000,1787.49670410156,1.88143569778329,188.188524435911
44.11000000,1750.90942382813,1.87925224837935,188.213114599825
44.11500000,1694.49499511719,1.84578927515061,188.213114599825
44.12000000,1648.70520019531,1.84244144861786,188.23770476374
44.12500000,1594.57385253906,1.85616414340338,188.23770476374
44.13000000,1540.78552246094,1.86609867276083,188.262294927654
44.13500000,1489.69189453125,1.87484694983496,188.286885091568
44.14000000,1457.81640625,1.87451860643625,188.286885091568
44.14500000,1439.59204101562,1.8748707635494,188.311475255482
44.15000000,1409.57690429688,1.87719702024263,188.311475255482
44.15500000,1392.57885742188,1.8708595379836,188.336065419397
44.16000000,1398.15991210938,1.85480066934759,188.336065419397
44.16500000,1400.07348632812,1.82846132388701,188.360655583311
44.17000000,1394.92077636719,1.79677904766079,188.360655583311
44.17500000,1387.95935058594,1.80297216346433,188.385245747225
44.18000000,1377.20446777344,1.81955873016003,188.385245747225
44.18500000,1370.71496582031,1.81700704225015,188.409835911139
44.19000000,1359.96008300781,1.81446794273286,188.434426075054
44.19500000,1350.44262695312,1.82326138813592,188.434426075054
44.20000000,1341.44738769531,1.83005166754875,188.459016238968
44.20500000,1322.90661621094,1.83117898206371,188.459016238968
44.21000000,1294.37817382812,1.8332205764901,188.483606402882
44.21500000,1268.19299316406,1.83647031541011,188.483606402882
44.22000000,1232.65832519531,1.84618763561266,188.508196566797
44.22500000,1229.27783203125,1.86010733733785,188.508196566797
44.23000000,1214.57116699219,1.8598341866803,188.532786730711
44.23500000,1187.27453613281,1.85614638375944,188.532786730711
44.24000000,1168.02978515625,1.87407184644029,188.557376894625
44.24500000,1170.96801757812,1.87843959429204,188.581967058539
44.25000000,1194.96240234375,1.83565961187934,188.581967058539
44.25500000,1216.64709472656,1.79967519356457,188.606557222454
44.26000000,1243.1962890625,1.77528518994727,188.606557222454
44.26500000,1250.93444824219,1.76885690985736,188.631147386368
44.27000000,1274.30883789062,1.78294847575588,188.631147386368
44.27500000,1299.64709472656,1.76032786013504,188.655737550282
44.28000000,1299.10119628906,1.71241603853244,188.655737550282
44.28500000,1295.35803222656,1.71635077960307,188.680327714196
44.29000000,1291.10400390625,1.7530912661325,188.680327714196
44.29500000,1303.51477050781,1.73527743565791,188.704917878111
44.30000000,1339.05078125,1.69531420970991,188.704917878111
44.30500000,1384.91333007812,1.67569764593788,188.729508042025
44.31000000,1402.94592285156,1.66398669884386,188.729508042025
44.31500000,1410.49243164062,1.66317500455873,188.754098205939
44.32000000,1415.39318847656,1.66701745049337,188.754098205939
44.32500000,1420.35278320312,1.64334282473604,188.778688369854
44.33000000,1421.33410644531,1.60734582834187,188.778688369854
44.33500000,1405.33129882812,1.57013865323172,188.803278533768
44.34000000,1423.29248046875,1.53207280949875,188.803278533768
44.34500000,1449.22424316406,1.50962577100565,188.827868697682
44.35000000,1484.17797851562,1.51482859311048,188.827868697682
44.35500000,1506.60314941406,1.51895415625085,188.852458861596
44.36000000,1527.62292480469,1.51715281832672,188.852458861596
44.36500000,1561.67236328125,1.51535148040259,188.852458861596
44.37000000,1595.53137207031,1.52880428240597,188.877049025511
44.37500000,1614.40380859375,1.5432165027177,188.877049025511
44.38000000,1642.89599609375,1.53338052007298,188.901639189425
44.38500000,1668.19360351562,1.51640617897028,188.901639189425
44.39000000,1650.62854003906,1.50954469886177,188.926229353339
44.39500000,1639.8359375,1.51095430940431,188.926229353339
44.40000000,1639.48596191406,1.50431728452169,188.950819517253
44.40500000,1651.93603515625,1.48150557297765,188.950819517253
44.41000000,1661.48278808594,1.46041425814498,188.975409681168
44.41500000,1642.5166015625,1.48719677644294,188.975409681168
44.42000000,1598.876953125,1.5139792947409,188.975409681168
44.42500000,1513.45947265625,1.52488706306308,188.999999845082
44.43000000,1440.79162597656,1.53246551369304,188.999999845082
44.43500000,1384.44299316406,1.5688652605364,189.024590008996
44.44000000,1354.61975097656,1.62130953379876,189.024590008996
44.44500000,1339.36999511719,1.62662485829259,189.04918017291
44.45000000,1341.74133300781,1.6005947088293,189.04918017291
44.45500000,1376.03991699219,1.5905692506672,189.073770336825
44.46000000,1428.86791992188,1.59733546851085,189.073770336825
44.46500000,1507.93444824219,1.5953894454092,189.098360500739
44.47000000,1585.21459960938,1.58005060877153,189.098360500739
44.47500000,1648.98376464844,1.56793245874255,189.122950664653
44.48000000,1703.32788085938,1.56515047886648,189.122950664653
44.48500000,1719.40209960938,1.56269814106328,189.147540828568
44.49000000,1702.20520019531,1.5628944516336,189.147540828568
44.49500000,1639.3193359375,1.56309076220392,189.147540828568
44.50000000,1570.09509277344,1.55584833742325,189.172130992482
44.50500000,1486.90063476562,1.54833973186833,189.172130992482
44.51000000,1410.86901855469,1.55504151940366,189.196721156396
44.51500000,1338.55810546875,1.56534822900093,189.196721156396
44.52000000,1260.76831054688,1.57359724860872,189.22131132031
44.52500000,1192.88232421875,1.58078760176003,189.22131132031
44.53000000,1165.51989746094,1.5658642096352,189.245901484225
44.53500000,1156.83386230469,1.53236397446597,189.245901484225
44.54000000,1160.77722167969,1.49973190306728,189.270491648139
44.54500000,1206.16809082031,1.46892532885734,189.270491648139
44.55000000,1277.94555664062,1.4381187546474,189.270491648139
44.55500000,1347.43298339844,1.39178417757836,189.295081812053
44.56000000,1400.91198730469,1.34529510338055,189.295081812053
44.56500000,1428.62158203125,1.3055672718003,189.319671975967
44.57000000,1434.81018066406,1.27412826464215,189.319671975967
44.57500000,1411.15588378906,1.242689257484,189.319671975967
44.58000000,1367.04040527344,1.24867196684162,189.344262139882
44.58500000,1282.05822753906,1.26831899270306,189.344262139882
44.59000000,1182.75451660156,1.28584271778365,189.368852303796
44.59500000,1080.603515625,1.28838009445648,189.368852303796
44.60000000,1009.59167480469,1.29091747112931,189.368852303796
44.60500000,983.965026855469,1.28820175731509,189.39344246771
44.61000000,987.660583496094,1.28080831957395,189.39344246771
44.61500000,1034.09143066406,1.2734148818328,189.39344246771
44.62000000,1085.17541503906,1.25378245765246,189.418032631625
44.62500000,1122.83776855469,1.23270061297693,189.418032631625
44.63000000,1159.44604492188,1.2131152487578,189.442622795539
44.63500000,1209.99938964844,1.20328827714778,189.442622795539
44.64000000,1216.35314941406,1.19346130553775,189.442622795539
44.64500000,1199.5244140625,1.18627475610718,189.467212959453
44.65000000,1169.02355957031,1.18504293063781,189.467212959453
44.65500000,1149.05090332031,1.18381110516843,189.467212959453
44.66000000,1127.46838378906,1.18309921003484,189.491803123367
44.66500000,1114.46252441406,1.18296637613501,189.491803123367
44.67000000,1075.31640625,1.18283354223517,189.491803123367
44.67500000,1040.16955566406,1.17831250655748,189.516393287282
44.68000000,1041.41955566406,1.17130262398281,189.516393287282
44.68500000,1061.00451660156,1.16429274140815,189.516393287282
44.69000000,1091.19885253906,1.14750666583249,189.540983451196
44.69500000,1113.15234375,1.12752731454391,189.540983451196
44.70000000,1164.36364746094,1.10754796325534,189.540983451196
44.70500000,1243.97314453125,1.08075976830665,189.56557361511
44.71000000,1336.34912109375,1.05119439912817,189.56557361511
44.71500000,1403.84606933594,1.0216290299497,189.56557361511
44.72000000,1422.796875,1.00620985716396,189.590163779024
44.72500000,1428.46057128906,1.0152096851713,189.590163779024
44.73000000,1408.60400390625,1.02420951317864,189.590163779024
44.73500000,1378.87170410156,1.03173935208269,189.614753942939
44.74000000,1331.01440429688,1.02828679808298,189.614753942939
44.74500000,1303.51196289062,1.02483424408326,189.614753942939
44.75000000,1304.5478515625,1.02138169008354,189.614753942939
44.75500000,1291.86267089844,1.00959903833932,189.639344106853
44.76000000,1299.34619140625,0.996148664292459,189.639344106853
44.76500000,1341.69934082031,0.982698290245597,189.639344106853
44.77000000,1383.35119628906,0.963520567291853,189.663934270767
44.77500000,1416.05529785156,0.935472046933484,189.663934270767
44.78000000,1451.07763671875,0.907423526575115,189.663934270767
44.78500000,1453.98083496094,0.879375006216746,189.663934270767
44.79000000,1478.55065917969,0.860409014037307,189.688524434682
44.79500000,1521.17956542969,0.849831421870255,189.688524434682
44.80000000,1559.71960449219,0.839253829703203,189.688524434682
44.80500000,1588.46508789062,0.828676237536151,189.688524434682
44.81000000,1589.20837402344,0.829089757217544,189.713114598596
44.81500000,1557.310546875,0.843238315321829,189.713114598596
44.82000000,1511.08825683594,0.857386873426113,189.713114598596
44.82500000,1477.51611328125,0.871535431530397,189.713114598596
44.83000000,1443.68090820313,0.869609034892378,189.73770476251
44.83500000,1418.6337890625,0.857855378574957,189.73770476251
44.84000000,1392.91613769531,0.846101722257536,189.73770476251
44.84500000,1377.958984375,0.834348065940115,189.73770476251
44.85000000,1368.49621582031,0.828688963875322,189.762294926424
44.85500000,1366.91162109375,0.827486899648438,189.762294926424
44.86000000,1373.55383300781,0.826284835421554,189.762294926424
44.86500000,1391.86206054688,0.82508277119467,189.762294926424
44.87000000,1391.36242675781,0.831990841529619,189.786885090339
44.87500000,1371.12646484375,0.846671780774569,189.786885090339
44.88000000,1401.24377441406,0.86135272001952,189.786885090339
44.88500000,1442.80322265625,0.87603365926447,189.786885090339
44.89000000,1483.24841308594,0.881315336874704,189.811475254253
44.89500000,1523.59008789062,0.882605747844022,189.811475254253
44.90000000,1538.18469238281,0.88389615881334,189.811475254253
44.90500000,1542.42333984375,0.885186569782657,189.811475254253
44.91000000,1525.20544433594,0.882435227874654,189.836065418167
44.91500000,1521.49597167969,0.879304931161617,189.836065418167
44.92000000,1510.78161621094,0.876174634448581,189.836065418167
44.92500000,1516.03942871094,0.873651190346144,189.860655582081
44.93000000,1501.30346679687,0.878667847763497,189.860655582081
44.93500000,1475.53820800781,0.883684505180851,189.860655582081
44.94000000,1443.13916015625,0.888701162598205,189.860655582081
44.94500000,1403.08874511719,0.891289829861589,189.885245745996
44.95000000,1376.47521972656,0.888619458260341,189.885245745996
44.95500000,1336.31555175781,0.885949086659093,189.885245745996
44.96000000,1296.12377929688,0.883278715057844,189.885245745996
44.96500000,1265.56408691406,0.877370510271275,189.90983590991
44.97000000,1231.87451171875,0.86840032567311,189.90983590991
44.97500000,1220.06970214844,0.859430141074946,189.90983590991
44.98000000,1234.29760742188,0.850459956476782,189.90983590991
44.98500000,1287.89831542969,0.830070586437893,189.934426073824
44.99000000,1350.44262695312,0.800430219993862,189.934426073824
44.99500000,1416.58032226562,0.770789853549831,189.934426073824
45.00000000,1484.8876953125,0.7411494871058,189.934426073824
45.00500000,1550.44714355469,0.711509120661769,189.934426073824
45.01000000,1595.36059570313,0.697146213000386,189.959016237738
45.01500000,1611.89538574219,0.686601178211869,189.959016237738
45.02000000,1599.0126953125,0.676056143423352,189.959016237738
45.02500000,1526.88659667969,0.665511108634835,189.959016237738
45.03000000,1440.66284179688,0.654966073846318,189.959016237738
45.03500000,1357.20935058594,0.647380340394031,189.983606401653
45.04000000,1277.87561035156,0.641377458517729,189.983606401653
45.04500000,1214.66223144531,0.635374576641428,189.983606401653
45.05000000,1186.5732421875,0.629371694765126,189.983606401653
45.05500000,1183.12548828125,0.623368812888824,189.983606401653
45.06000000,1182.24084472656,0.61672458874996,190.008196565567
45.06500000,1209.51916503906,0.607960810262627,190.008196565567
45.07000000,1276.5625,0.599197031775293,190.008196565567
45.07500000,1372.55004882812,0.59043325328796,190.008196565567
45.08000000,1475.50598144531,0.581669474800627,190.008196565567
45.08500000,1582.11401367187,0.572905696313294,190.008196565567
45.09000000,1656.28674316406,0.565850542182791,190.032786729481
45.09500000,1682.15686035156,0.562466933871959,190.032786729481
45.10000000,1692.52966308594,0.559083325561127,190.032786729481
45.10500000,1689.68090820313,0.555699717250295,190.032786729481
45.11000000,1654.3857421875,0.552316108939463,190.032786729481
45.11500000,1598.21765136719,0.548932500628631,190.032786729481
45.12000000,1553.98596191406,0.547731966139122,190.057376893396
45.12500000,1488.53137207031,0.556621166714662,190.057376893396
45.13000000,1392.39270019531,0.565510367290201,190.057376893396
45.13500000,1341.91491699219,0.574399567865741,190.057376893396
45.14000000,1328.54931640625,0.58328876844128,190.057376893396
45.14500000,1327.62683105469,0.592177969016819,190.057376893396
45.15000000,1349.20373535156,0.589835855550659,190.08196705731
45.15500000,1388.85803222656,0.578419712199499,190.08196705731
45.16000000,1432.50891113281,0.567003568848339,190.08196705731
45.16500000,1448.75109863281,0.555587425497179,190.08196705731
45.17000000,1474.63671875,0.544171282146019,190.08196705731
45.17500000,1512.48803710938,0.532755138794859,190.08196705731
45.18000000,1511.0517578125,0.523942971275726,190.106557221224
45.18500000,1508.36413574219,0.53099218381506,190.106557221224
45.19000000,1511.74047851562,0.538041396354393,190.106557221224
45.19500000,1517.6982421875,0.545090608893727,190.106557221224
45.20000000,1525.32019042969,0.55213982143306,190.106557221224
45.20500000,1541.80322265625,0.559189033972394,190.106557221224
45.21000000,1543.34020996094,0.562991325418077,190.131147385138
45.21500000,1524.26623535156,0.554127914479849,190.131147385138
45.22000000,1460.53479003906,0.545264503541621,190.131147385138
45.22500000,1370.30334472656,0.536401092603393,190.131147385138
45.23000000,1291.73950195312,0.527537681665165,190.131147385138
45.23500000,1226.05676269531,0.518674270726937,190.131147385138
45.24000000,1184.40905761719,0.509810859788709,190.131147385138
45.24500000,1169.70532226562,0.503126642507903,190.155737549053
45.25000000,1191.27807617188,0.498032800446118,190.155737549053
45.25500000,1224.15161132812,0.492938958384333,190.155737549053
45.26000000,1272.07189941406,0.487845116322547,190.155737549053
45.26500000,1375.75146484375,0.482751274260762,190.155737549053
45.27000000,1483.12670898438,0.477657432198977,190.155737549053
45.27500000,1559.79797363281,0.472563590137192,190.155737549053
45.28000000,1557.44763183594,0.46442398582218,190.180327712967
45.28500000,1498.55834960938,0.452394996518562,190.180327712967
45.29000000,1459.13366699219,0.440366007214945,190.180327712967
45.29500000,1420.93371582031,0.428337017911328,190.180327712967
45.30000000,1401.86950683594,0.416308028607711,190.180327712967
45.30500000,1360.72021484375,0.404279039304094,190.180327712967
45.31000000,1318.70153808594,0.392250050000477,190.180327712967
45.31500000,1262.67065429688,0.38022106069686,190.180327712967
45.32000000,1239.294921875,0.368192071393243,190.180327712967
45.32500000,1261.77758789062,0.356320534521049,190.204917876881
45.33000000,1275.97741699219,0.348697734815606,190.204917876881
45.33500000,1302.3935546875,0.341074935110164,190.204917876881
45.34000000,1328.74389648438,0.333452135404722,190.204917876881
45.34500000,1341.10852050781,0.325829335699279,190.204917876881
45.35000000,1398.97607421875,0.318206535993837,190.204917876881
45.35500000,1444.65661621094,0.310583736288394,190.204917876881
45.36000000,1475.130859375,0.302960936582952,190.204917876881
45.36500000,1501.82556152344,0.29533813687751,190.204917876881
45.37000000,1528.11291503906,0.287715337172067,190.204917876881
45.37500000,1518.6962890625,0.280092537466625,190.204917876881
45.38000000,1516.9296875,0.272469737761182,190.204917876881
45.38500000,1527.61315917969,0.26484693805574,190.204917876881
45.39000000,1515.82946777344,0.257224138350298,190.204917876881
45.39500000,1477.41955566406,0.255342256710162,190.229508040795
45.40000000,1445.49645996094,0.253463864348704,190.229508040795
45.40500000,1410.31469726562,0.251585471987245,190.229508040795
45.41000000,1392.1953125,0.249707079625787,190.229508040795
45.41500000,1392.447265625,0.247828687264328,190.229508040795
45.42000000,1393.94921875,0.24595029490287,190.229508040795
45.42500000,1368.04406738281,0.244071902541411,190.229508040795
45.43000000,1334.14440917969,0.242193510179953,190.229508040795
45.43500000,1369.6552734375,0.240315117818494,190.229508040795
45.44000000,1409.94787597656,0.238436725457036,190.229508040795
45.44500000,1434.74584960938,0.236558333095577,190.229508040795
45.45000000,1447.30932617187,0.234679940734119,190.229508040795
45.45500000,1478.62622070313,0.23280154837266,190.229508040795
45.46000000,1526.86010742187,0.230923156011202,190.229508040795
45.46500000,1558.72009277344,0.228594815019711,190.25409820471
45.47000000,1611.51599121094,0.225614451422906,190.25409820471
45.47500000,1637.24621582031,0.222634087826101,190.25409820471
45.48000000,1613.39318847656,0.219653724229295,190.25409820471
45.48500000,1565.34692382813,0.21667336063249,190.25409820471
45.49000000,1517.44763183594,0.213692997035685,190.25409820471
45.49500000,1442.28955078125,0.21071263343888,190.25409820471
45.50000000,1369.44812011719,0.207732269842074,190.25409820471
45.50500000,1329.21142578125,0.204751906245269,190.25409820471
45.51000000,1310.11364746094,0.201771542648464,190.25409820471
45.51500000,1323.94250488281,0.198791179051658,190.25409820471
45.52000000,1344.44018554688,0.195810815454853,190.25409820471
45.52500000,1377.3193359375,0.192830451858048,190.25409820471
45.53000000,1423.25463867188,0.189850088261242,190.25409820471
45.53500000,1414.51416015625,0.186869724664437,190.25409820471
45.54000000,1390.59948730469,0.183889361067632,190.25409820471
45.54500000,1391.14404296875,0.180908997470827,190.25409820471
45.55000000,1352.68371582031,0.177928633874021,190.25409820471
45.55500000,1289.7880859375,0.174948270277216,190.25409820471
45.56000000,1240.22717285156,0.171967906680411,190.25409820471
45.56500000,1236.31896972656,0,190.278688368624
45.57000000,1282.892578125,0,190.278688368624
45.57500000,1314.21789550781,0,190.278688368624
45.58000000,1355.93273925781,0,190.278688368624
45.58500000,1403.50451660156,0,190.278688368624
45.59000000,1396.25756835938,0,190.278688368624
45.59500000,1342.79260253906,0,190.278688368624
45.60000000,1314.83947753906,0,190.278688368624
45.60500000,1301.34228515625,0,190.278688368624
45.61000000,1255.86608886719,0,190.278688368624
45.61500000,1209.8916015625,0,190.278688368624
45.62000000,1181.83618164062,0,190.278688368624
45.62500000,1162.57604980469,0,190.278688368624
45.63000000,1169.9111328125,0,190.278688368624
45.63500000,1225.35400390625,0,190.278688368624
45.64000000,1291.92419433594,0,190.278688368624
45.64500000,1314.3564453125,0,190.278688368624
45.65000000,1329.5068359375,0,190.278688368624
45.65500000,1355.74792480469,0,190.278688368624
45.66000000,1366.95776367188,0,190.278688368624
45.66500000,1341.73425292969,0,190.278688368624
45.67000000,1322.08349609375,0,190.278688368624
45.67500000,1296.55908203125,0,190.278688368624
45.68000000,1273.44372558594,0,190.278688368624
45.68500000,1244.16357421875,0,190.278688368624
45.69000000,1220.75561523438,0,190.278688368624
45.69500000,1201.49536132812,0,190.278688368624
45.70000000,1176.91723632812,0,190.278688368624
45.70500000,1177.69555664062,0,190.278688368624
45.71000000,1197.46252441406,0,190.278688368624
45.71500000,1203.99548339844,0,190.278688368624
45.72000000,1226.02734375,0,190.278688368624
45.72500000,1258.2822265625,0,190.278688368624
45.73000000,1300.2392578125,0,190.278688368624
45.73500000,1340.2294921875,0,190.278688368624
45.74000000,1373.73718261719,0,190.278688368624
45.74500000,1409.73095703125,0,190.278688368624
45.75000000,1407.552734375,0,190.278688368624
45.75500000,1378.359375,0,190.278688368624
45.76000000,1354.56091308594,0,190.278688368624
45.76500000,1314.32702636719,0,190.278688368624
45.77000000,1258.67138671875,0,190.278688368624
45.77500000,1192.44274902344,0,190.278688368624
45.78000000,1183.39709472656,0,190.278688368624
45.78500000,1223.90246582031,0,190.278688368624
45.79000000,1278.2451171875,0,190.278688368624
45.79500000,1332.84545898438,0,190.278688368624
45.80000000,1376.37585449219,0,190.278688368624
45.80500000,1396.37658691406,0,190.278688368624
45.81000000,1420.50122070312,0,190.278688368624
45.81500000,1490.50512695313,0,190.278688368624
45.82000000,1525.33850097656,0,190.278688368624
45.82500000,1466.54846191406,0,190.278688368624
45.83000000,1399.60314941406,0,190.278688368624
45.83500000,1348.20434570312,0,190.278688368624
45.84000000,1338.20678710938,0,190.278688368624
45.84500000,1374.24108886719,0,190.278688368624
45.85000000,1404.13024902344,0,190.278688368624
45.85500000,1407.41418457031,0,190.278688368624
45.86000000,1389.05126953125,0,190.278688368624
45.86500000,1371.18249511719,0,190.278688368624
45.87000000,1374.30126953125,0,190.278688368624
45.87500000,1387.17407226562,0,190.278688368624
45.88000000,1355.23840332031,0,190.278688368624
45.88500000,1306.84497070312,0,190.278688368624
45.89000000,1256.05651855469,0,190.278688368624
45.89500000,1227.67358398438,0,190.278688368624
45.90000000,1224.11096191406,0,190.278688368624
45.90500000,1238.02392578125,0,190.278688368624
45.91000000,1265.73767089844,0,190.278688368624
45.91500000,1274.82531738281,0,190.278688368624
45.92000000,1269.20642089844,0,190.278688368624
45.92500000,1272.03405761719,0,190.278688368624
45.93000000,1267.06616210938,0,190.278688368624
45.93500000,1221.67395019531,0,190.278688368624
45.94000000,1193.38757324219,0,190.278688368624
45.94500000,1198.02380371094,0,190.278688368624
45.95000000,1191.08483886719,0,190.278688368624
45.95500000,1214.51525878906,0,190.278688368624
45.96000000,1233.90002441406,0,190.278688368624
45.96500000,1228.068359375,0,190.278688368624
45.97000000,1247.80029296875,0,190.278688368624
45.97500000,1260.36657714844,0,190.278688368624
45.98000000,1273.5361328125,0,190.278688368624
45.98500000,1300.27697753906,0,190.278688368624
45.99000000,1280.16015625,0,190.278688368624
45.99500000,1225.12731933594,0,190.278688368624
46.00000000,1195.04077148438,0,190.278688368624
46.00500000,1184.59948730469,0,190.278688368624
46.01000000,1185.19580078125,0,190.278688368624
46.01500000,1215.9765625,0,190.278688368624
46.02000000,1241.05029296875,0,190.278688368624
46.02500000,1273.16650390625,0,190.278688368624
46.03000000,1306.04150390625,0,190.278688368624
46.03500000,1353.16528320312,0,190.278688368624
46.04000000,1412.84973144531,0,190.278688368624
46.04500000,1387.23571777344,0,190.278688368624
46.05000000,1304.25109863281,0,190.278688368624
46.05500000,1242.53137207031,0,190.278688368624
46.06000000,1193.05029296875,0,190.278688368624
46.06500000,1170.9609375,0,190.278688368624
46.07000000,1199.01770019531,0,190.278688368624
46.07500000,1215.29626464844,0,190.278688368624
46.08000000,1224.91589355469,0,190.278688368624
46.08500000,1268.66467285156,0,190.278688368624
46.09000000,1338.21936035156,0,190.278688368624
46.09500000,1418.69677734375,0,190.278688368624
46.10000000,1449.25646972656,0,190.278688368624
46.10500000,1419.73828125,0,190.278688368624
46.11000000,1391.60729980469,0,190.278688368624
46.11500000,1368.12243652344,0,190.278688368624
46.12000000,1358.93395996094,0,190.278688368624
46.12500000,1380.93786621094,0,190.278688368624
46.13000000,1394.97119140625,0,190.278688368624
46.13500000,1386.89697265625,0,190.278688368624
46.14000000,1360.34362792969,0,190.278688368624
46.14500000,1362.93188476562,0,190.278688368624
46.15000000,1395.68505859375,0,190.278688368624
46.15500000,1409.38098144531,0,190.278688368624
46.16000000,1380.41711425781,0,190.278688368624
46.16500000,1360.32397460938,0,190.278688368624
46.17000000,1358.984375,0,190.278688368624
46.17500000,1350.83459472656,0,190.278688368624
46.18000000,1354.34680175781,0,190.278688368624
46.18500000,1390.58972167969,0,190.278688368624
46.19000000,1420.99108886719,0,190.278688368624
46.19500000,1435.4765625,0,190.278688368624
46.20000000,1474.79772949219,0,190.278688368624
46.20500000,1492.95764160156,0,190.278688368624
46.21000000,1482.46179199219,0,190.278688368624
46.21500000,1449.57421875,0,190.278688368624
46.22000000,1437.34814453125,0,190.278688368624
46.22500000,1426.50646972656,0,190.278688368624
46.23000000,1393.5712890625,0,190.278688368624
46.23500000,1373.31994628906,0,190.278688368624
46.24000000,1371.9580078125,0,190.278688368624
46.24500000,1361.27026367188,0,190.278688368624
46.25000000,1359.64367675781,0,190.278688368624
46.25500000,1380.50390625,0,190.278688368624
46.26000000,1377.72802734375,0,190.278688368624
46.26500000,1372.587890625,0,190.278688368624
46.27000000,1370.9697265625,0,190.278688368624
46.27500000,1353.43969726562,0,190.278688368624
46.28000000,1347.9130859375,0,190.278688368624
46.28500000,1308.16784667969,0,190.278688368624
46.29000000,1290.94299316406,0,190.278688368624
46.29500000,1284.5009765625,0,190.278688368624
46.30000000,1260.81030273438,0,190.278688368624
46.30500000,1274.54821777344,0,190.278688368624
46.31000000,1295.77795410156,0,190.278688368624
46.31500000,1262.12048339844,0,190.278688368624
46.32000000,1229.79296875,0,190.278688368624
46.32500000,1220.65209960938,0,190.278688368624
46.33000000,1229.50598144531,0,190.278688368624
46.33500000,1248.95520019531,0,190.278688368624
46.34000000,1250.58178710938,0,190.278688368624
46.34500000,1259.67504882812,0,190.278688368624
46.35000000,1261.25402832031,0,190.278688368624
46.35500000,1265.07421875,0,190.278688368624
46.36000000,1322.91638183594,0,190.278688368624
46.36500000,1354.34252929688,0,190.278688368624
46.37000000,1345.21850585938,0,190.278688368624
46.37500000,1331.64709472656,0,190.278688368624
46.38000000,1305.66491699219,0,190.278688368624
46.38500000,1282.80712890625,0,190.278688368624
46.39000000,1301.07214355469,0,190.278688368624
46.39500000,1298.34521484375,0,190.278688368624
46.40000000,1286.15832519531,0,190.278688368624
46.40500000,1273.83154296875,0,190.278688368624
46.41000000,1249.26025390625,0,190.278688368624
46.41500000,1256.19921875,0,190.278688368624
46.42000000,1251.90881347656,0,190.278688368624
46.42500000,1236.982421875,0,190.278688368624
46.43000000,1240.09289550781,0,190.278688368624
46.43500000,1260.89990234375,0,190.278688368624
46.44000000,1286.48168945312,0,190.278688368624
46.44500000,1330.87023925781,0,190.278688368624
46.45000000,1387.0634765625,0,190.278688368624
46.45500000,1421.81420898438,0,190.278688368624
46.46000000,1441.63720703125,0,190.278688368624
46.46500000,1462.36865234375,0,190.278688368624
46.47000000,1486.81518554687,0,190.278688368624
46.47500000,1469.2109375,0,190.278688368624
46.48000000,1447.72497558594,0,190.278688368624
46.48500000,1425.1318359375,0,190.278688368624
46.49000000,1383.59191894531,0,190.278688368624
46.49500000,1342.90319824219,0,190.278688368624
46.50000000,1304.5380859375,0,190.278688368624
46.50500000,1283.15991210938,0,190.278688368624
46.51000000,1277.69079589844,0,190.278688368624
46.51500000,1265.26171875,0,190.278688368624
46.52000000,1274.27941894531,0,190.278688368624
46.52500000,1290.54125976562,0,190.278688368624
46.53000000,1276.31481933594,0,190.278688368624
46.53500000,1293.10290527344,0,190.278688368624
46.54000000,1330.1787109375,0,190.278688368624
46.54500000,1331.44421386719,0,190.278688368624
46.55000000,1335.99084472656,0,190.278688368624
46.55500000,1359.43505859375,0,190.278688368624
46.56000000,1374.81787109375,0,190.278688368624
46.56500000,1388.0517578125,0,190.278688368624
46.57000000,1396.04479980469,0,190.278688368624
46.57500000,1392.31567382812,0,190.278688368624
46.58000000,1357.42077636719,0,190.278688368624
46.58500000,1297.21704101562,0,190.278688368624
46.59000000,1217.86218261719,0,190.278688368624
46.59500000,1171.06591796875,0,190.278688368624
46.60000000,1152.52099609375,0,190.278688368624
46.60500000,1128.89758300781,0,190.278688368624
46.61000000,1112.84716796875,0,190.278688368624
46.61500000,1126.3232421875,0,190.278688368624
46.62000000,1125.08020019531,0,190.278688368624
46.62500000,1116.388671875,0,190.278688368624
46.63000000,1121.73742675781,0,190.278688368624
46.63500000,1137.38195800781,0,190.278688368624
46.64000000,1138.84899902344,0,190.278688368624
46.64500000,1114.66552734375,0,190.278688368624
46.65000000,1080.88073730469,0,190.278688368624
46.65500000,1064.61889648438,0,190.278688368624
46.66000000,1026.01171875,0,190.278688368624
46.66500000,950.283813476563,0,190.278688368624
46.67000000,861.393371582031,0,190.278688368624
46.67500000,801.693542480469,0,190.278688368624
46.68000000,740.425903320312,0,190.278688368624
46.68500000,662.690673828125,0,190.278688368624
46.69000000,570.953002929687,0,190.278688368624
46.69500000,486.126281738281,0,190.278688368624
46.70000000,414.329132080078,0,190.278688368624
46.70500000,344.638732910156,0,190.278688368624
46.71000000,273.708099365234,0,190.278688368624
46.71500000,219.417190551758,0,190.278688368624
46.72000000,193.579193115234,0,190.278688368624
46.72500000,168.028137207031,0,190.278688368624
46.73000000,154.360229492187,0,190.278688368624
46.73500000,140.367553710938,0,190.278688368624
46.74000000,138.795547485352,0,190.278688368624
46.74500000,141.921356201172,0,190.278688368624
46.75000000,138.092834472656,0,190.278688368624
46.75500000,126.474266052246,0,190.278688368624
46.76000000,113.532859802246,0,190.278688368624
46.76500000,108.60546875,0,190.278688368624
46.77000000,107.629791259766,0,190.278688368624
46.77500000,104.299606323242,0,190.278688368624
46.78000000,95.6514663696289,0,190.278688368624
46.78500000,87.2874984741211,0,190.278688368624
46.79000000,85.669303894043,0,190.278688368624
46.79500000,82.6582717895508,0,190.278688368624
46.80000000,79.3882751464844,0,190.278688368624
46.80500000,73.243034362793,0,190.278688368624
46.81000000,78.7583541870117,0,190.278688368624
46.81500000,86.3440170288086,0,190.278688368624
46.82000000,89.4642333984375,0,190.278688368624
46.82500000,84.4262542724609,0,190.278688368624
46.83000000,82.0731430053711,0,190.278688368624
46.83500000,90.3055267333984,0,190.278688368624
46.84000000,105.826812744141,0,190.278688368624
46.84500000,114.437149047852,0,190.278688368624
46.85000000,116.647476196289,0,190.278688368624
46.85500000,116.66707611084,0,190.278688368624
46.86000000,124.090362548828,0,190.278688368624
46.86500000,132.47673034668,0,190.278688368624
46.87000000,140.464141845703,0,190.278688368624
46.87500000,139.971405029297,0,190.278688368624
46.88000000,137.378921508789,0,190.278688368624
46.88500000,140.90788269043,0,190.278688368624
46.89000000,143.599746704102,0,190.278688368624
46.89500000,139.198699951172,0,190.278688368624
46.90000000,132.839279174805,0,190.278688368624
46.90500000,130.761932373047,0,190.278688368624
46.91000000,135.944091796875,0,190.278688368624
46.91500000,141.176651000977,0,190.278688368624
46.92000000,137.826858520508,0,190.278688368624
46.92500000,132.199554443359,0,190.278688368624
46.93000000,130.871124267578,0,190.278688368624
46.93500000,135.312774658203,0,190.278688368624
46.94000000,137.940246582031,0,190.278688368624
46.94500000,133.166839599609,0,190.278688368624
46.95000000,125.464988708496,0,190.278688368624
46.95500000,114.91869354248,0,190.278688368624
46.96000000,105.678436279297,0,190.278688368624
46.96500000,94.2390441894531,0,190.278688368624
46.97000000,81.8869705200195,0,190.278688368624
46.97500000,72.8454818725586,0,190.278688368624
46.98000000,69.7588653564453,0,190.278688368624
46.98500000,76.2638626098633,0,190.278688368624
46.99000000,80.3639602661133,0,190.278688368624
46.99500000,76.7160034179688,0,190.278688368624
47.00000000,69.2451324462891,0,190.278688368624
47.00500000,67.3455657958984,0,190.278688368624
47.01000000,71.9719924926758,0,190.278688368624
47.01500000,73.2290344238281,0,190.278688368624
47.02000000,69.4579010009766,0,190.278688368624
47.02500000,65.0442504882813,0,190.278688368624
47.03000000,62.5623550415039,0,190.278688368624
47.03500000,65.1520309448242,0,190.278688368624
47.04000000,63.6150245666504,0,190.278688368624
47.04500000,59.596118927002,0,190.278688368624
47.05000000,56.5262985229492,0,190.278688368624
47.05500000,57.0106391906738,0,190.278688368624
47.06000000,61.133129119873,0,190.278688368624
47.06500000,63.1026878356934,0,190.278688368624
47.07000000,60.8503646850586,0,190.278688368624
47.07500000,55.7633934020996,0,190.278688368624
47.08000000,53.6538543701172,0,190.278688368624
47.08500000,58.3012809753418,0,190.278688368624
47.09000000,64.4423217773437,0,190.278688368624
47.09500000,64.4843139648438,0,190.278688368624
47.10000000,61.905834197998,0,190.278688368624
47.10500000,58.2438850402832,0,190.278688368624
47.11000000,54.8297080993652,0,190.278688368624
47.11500000,53.7714385986328,0,190.278688368624
47.12000000,53.9226188659668,0,190.278688368624
47.12500000,55.708797454834,0,190.278688368624
47.13000000,55.5702171325684,0,190.278688368624
47.13500000,56.478702545166,0,190.278688368624
47.14000000,61.369701385498,0,190.278688368624
47.14500000,60.3338279724121,0,190.278688368624
47.15000000,56.8580589294434,0,190.278688368624
47.15500000,55.8697776794434,0,190.278688368624
47.16000000,57.7917404174805,0,190.278688368624
47.16500000,61.9520301818848,0,190.278688368624
47.17000000,64.0601654052734,0,190.278688368624
47.17500000,64.6914901733398,0,190.278688368624
47.18000000,62.0430183410644,0,190.278688368624
47.18500000,55.8095855712891,0,190.278688368624
47.19000000,56.8860549926758,0,190.278688368624
47.19500000,64.1049652099609,0,190.278688368624
47.20000000,68.8489761352539,0,190.278688368624
47.20500000,70.7863388061523,0,190.278688368624
47.21000000,68.6250076293945,0,190.278688368624
47.21500000,65.6713714599609,0,190.278688368624
47.22000000,63.9075889587402,0,190.278688368624
47.22500000,63.238468170166,0,190.278688368624
47.23000000,65.5425872802734,0,190.278688368624
47.23500000,65.4557952880859,0,190.278688368624
47.24000000,64.680290222168,0,190.278688368624
47.24500000,69.1569366455078,0,190.278688368624
47.25000000,71.3616638183594,0,190.278688368624
47.25500000,69.3711166381836,0,190.278688368624
47.26000000,68.0944671630859,0,190.278688368624
47.26500000,66.0017318725586,0,190.278688368624
47.27000000,66.7604370117187,0,190.278688368624
47.27500000,71.2104873657227,0,190.278688368624
47.28000000,75.5219573974609,0,190.278688368624
47.28500000,78.0108489990234,0,190.278688368624
47.29000000,74.6358642578125,0,190.278688368624
47.29500000,70.1410217285156,0,190.278688368624
47.30000000,72.5011291503906,0,190.278688368624
47.30500000,76.0440902709961,0,190.278688368624
47.31000000,78.1116333007812,0,190.278688368624
47.31500000,81.1156616210937,0,190.278688368624
47.32000000,80.0657958984375,0,190.278688368624
47.32500000,74.2551116943359,0,190.278688368624
47.33000000,69.6608810424805,0,190.278688368624
47.33500000,68.4220275878906,0,190.278688368624
47.34000000,72.1483688354492,0,190.278688368624
47.34500000,71.3854675292969,0,190.278688368624
47.35000000,66.9116134643555,0,190.278688368624
47.35500000,68.6389999389648,0,190.278688368624
47.36000000,71.6164398193359,0,190.278688368624
47.36500000,71.2118835449219,0,190.278688368624
47.37000000,70.7345428466797,0,190.278688368624
47.37500000,71.4148635864258,0,190.278688368624
47.38000000,71.1628952026367,0,190.278688368624
47.38500000,74.294303894043,0,190.278688368624
47.39000000,77.1051559448242,0,190.278688368624
47.39500000,80.6523208618164,0,190.278688368624
47.40000000,78.7877502441406,0,190.278688368624
47.40500000,69.4061050415039,0,190.278688368624
47.41000000,64.7054901123047,0,190.278688368624
47.41500000,66.441276550293,0,190.278688368624
47.42000000,68.8867721557617,0,190.278688368624
47.42500000,72.449333190918,0,190.278688368624
47.43000000,74.9998168945313,0,190.278688368624
47.43500000,72.8272857666016,0,190.278688368624
47.44000000,70.6057586669922,0,190.278688368624
47.44500000,69.4732971191406,0,190.278688368624
47.45000000,70.1158218383789,0,190.278688368624
47.45500000,76.307258605957,0,190.278688368624
47.46000000,79.8390197753906,0,190.278688368624
47.46500000,78.5175857543945,0,190.278688368624
47.47000000,78.3006134033203,0,190.278688368624
47.47500000,76.4024429321289,0,190.278688368624
47.48000000,72.3849411010742,0,190.278688368624
47.48500000,72.3093490600586,0,190.278688368624
47.49000000,71.2552795410156,0,190.278688368624
47.49500000,70.062629699707,0,190.278688368624
47.50000000,70.814338684082,0,190.278688368624
47.50500000,69.1037445068359,0,190.278688368624
47.51000000,68.2582473754883,0,190.278688368624
47.51500000,71.3070755004883,0,190.278688368624
47.52000000,72.2141647338867,0,190.278688368624
47.52500000,70.5441665649414,0,190.278688368624
47.53000000,73.3704223632813,0,190.278688368624
47.53500000,76.9455795288086,0,190.278688368624
47.54000000,80.7083129882813,0,190.278688368624
47.54500000,85.3403396606445,0,190.278688368624
47.55000000,85.5867156982422,0,190.278688368624
47.55500000,81.7679824829102,0,190.278688368624
47.56000000,77.9044570922852,0,190.278688368624
47.56500000,75.4253692626953,0,190.278688368624
47.57000000,78.1354293823242,0,190.278688368624
47.57500000,87.4750823974609,0,190.278688368624
47.58000000,91.1272277832031,0,190.278688368624
47.58500000,89.3718414306641,0,190.278688368624
47.59000000,88.6397323608398,0,190.278688368624
47.59500000,85.6777038574219,0,190.278688368624
47.60000000,83.6339492797852,0,190.278688368624
47.60500000,89.374641418457,0,190.278688368624
47.61000000,97.6574249267578,0,190.278688368624
47.61500000,99.225227355957,0,190.278688368624
47.62000000,96.628547668457,0,190.278688368624
47.62500000,92.4556655883789,0,190.278688368624
47.63000000,89.6210174560547,0,190.278688368624
47.63500000,94.5218124389648,0,190.278688368624
47.64000000,102.141067504883,0,190.278688368624
47.64500000,106.851486206055,0,190.278688368624
47.65000000,108.184120178223,0,190.278688368624
47.65500000,105.294883728027,0,190.278688368624
47.66000000,97.1422882080078,0,190.278688368624
47.66500000,94.3062362670898,0,190.278688368624
47.67000000,97.6308288574219,0,190.278688368624
47.67500000,99.3974075317383,0,190.278688368624
47.68000000,100.935821533203,0,190.278688368624
47.68500000,100.363288879395,0,190.278688368624
47.69000000,94.3370361328125,0,190.278688368624
47.69500000,87.0271377563477,0,190.278688368624
47.70000000,87.5814666748047,0,190.278688368624
47.70500000,91.3582000732422,0,190.278688368624
47.71000000,92.0147171020508,0,190.278688368624
47.71500000,90.1277542114258,0,190.278688368624
47.72000000,87.3658905029297,0,190.278688368624
47.72500000,83.4127807617187,0,190.278688368624
47.73000000,83.7697372436523,0,190.278688368624
47.73500000,86.6449813842773,0,190.278688368624
47.74000000,86.9893417358398,0,190.278688368624
47.74500000,85.0211791992188,0,190.278688368624
47.75000000,79.1223068237305,0,190.278688368624
47.75500000,73.0134658813477,0,190.278688368624
47.76000000,72.5263214111328,0,190.278688368624
47.76500000,75.8985061645508,0,190.278688368624
47.77000000,78.4265975952148,0,190.278688368624
47.77500000,76.1042785644531,0,190.278688368624
47.78000000,70.0906219482422,0,190.278688368624
47.78500000,65.3816070556641,0,190.278688368624
47.79000000,62.1913986206055,0,190.278688368624
47.79500000,64.9336624145508,0,190.278688368624
47.80000000,72.6187133789063,0,190.278688368624
47.80500000,76.4290390014648,0,190.278688368624
47.81000000,74.9298248291016,0,190.278688368624
47.81500000,67.4939422607422,0,190.278688368624
47.82000000,58.9074058532715,0,190.278688368624
47.82500000,59.9096794128418,0,190.278688368624
47.83000000,67.3679580688477,0,190.278688368624
47.83500000,76.0048980712891,0,190.278688368624
47.84000000,77.8106689453125,0,190.278688368624
47.84500000,71.2020874023437,0,190.278688368624
47.85000000,62.3579788208008,0,190.278688368624
47.85500000,57.6265640258789,0,190.278688368624
47.86000000,57.9919166564941,0,190.278688368624
47.86500000,65.9135360717773,0,190.278688368624
47.87000000,72.6845016479492,0,190.278688368624
47.87500000,73.734375,0,190.278688368624
47.88000000,69.6216812133789,0,190.278688368624
47.88500000,59.7920951843262,0,190.278688368624
47.89000000,54.9948883056641,0,190.278688368624
47.89500000,57.9303245544434,0,190.278688368624
47.90000000,65.411003112793,0,190.278688368624
47.90500000,73.1618423461914,0,190.278688368624
47.91000000,75.3427734375,0,190.278688368624
47.91500000,70.4251861572266,0,190.278688368624
47.92000000,63.6542167663574,0,190.278688368624
47.92500000,60.6669883728027,0,190.278688368624
47.93000000,64.1875534057617,0,190.278688368624
47.93500000,69.8806533813477,0,190.278688368624
47.94000000,74.031135559082,0,190.278688368624
47.94500000,75.8103179931641,0,190.278688368624
47.95000000,73.3088302612305,0,190.278688368624
47.95500000,65.7945556640625,0,190.278688368624
47.96000000,61.3641014099121,0,190.278688368624
47.96500000,65.5761795043945,0,190.278688368624
47.97000000,69.4089050292969,0,190.278688368624
47.97500000,73.3648223876953,0,190.278688368624
47.98000000,75.624137878418,0,190.278688368624
47.98500000,73.6377868652344,0,190.278688368624
47.99000000,67.8299026489258,0,190.278688368624
47.99500000,65.4011993408203,0,190.278688368624
48.00000000,66.3754806518555,0,190.278688368624
48.00500000,68.0944671630859,0,190.278688368624
48.01000000,69.1079483032227,0,190.278688368624
48.01500000,71.886604309082,0,190.278688368624
48.02000000,74.7478485107422,0,190.278688368624
48.02500000,71.7312240600586,0,190.278688368624
48.03000000,69.574089050293,0,190.278688368624
48.03500000,70.5917587280273,0,190.278688368624
48.04000000,69.316520690918,0,190.278688368624
48.04500000,65.42919921875,0,190.278688368624
48.05000000,67.4393539428711,0,190.278688368624
48.05500000,71.2622833251953,0,190.278688368624
48.06000000,71.5156478881836,0,190.278688368624
48.06500000,69.8988494873047,0,190.278688368624
48.07000000,69.1541366577148,0,190.278688368624
48.07500000,66.3852844238281,0,190.278688368624
48.08000000,62.5707511901855,0,190.278688368624
48.08500000,63.3140602111816,0,190.278688368624
48.09000000,69.6762771606445,0,190.278688368624
48.09500000,72.8734817504883,0,190.278688368624
48.10000000,69.9800415039063,0,190.278688368624
48.10500000,67.4113540649414,0,190.278688368624
48.11000000,64.853874206543,0,190.278688368624
48.11500000,60.5158042907715,0,190.278688368624
48.12000000,60.0202674865723,0,190.278688368624
48.12500000,67.5205383300781,0,190.278688368624
48.13000000,74.8332366943359,0,190.278688368624
48.13500000,74.2691116333008,0,190.278688368624
48.14000000,70.5119705200195,0,190.278688368624
48.14500000,67.5275421142578,0,190.278688368624
48.15000000,65.9723358154297,0,190.278688368624
48.15500000,63.7774047851562,0,190.278688368624
48.16000000,65.9177398681641,0,190.278688368624
48.16500000,70.6771545410156,0,190.278688368624
48.17000000,74.5000839233398,0,190.278688368624
48.17500000,74.0619354248047,0,190.278688368624
48.18000000,72.7712936401367,0,190.278688368624
48.18500000,70.1480178833008,0,190.278688368624
48.19000000,67.747314453125,0,190.278688368624
48.19500000,67.1047897338867,0,190.278688368624
48.20000000,71.2370834350586,0,190.278688368624
48.20500000,76.8405914306641,0,190.278688368624
48.21000000,78.7807540893555,0,190.278688368624
48.21500000,77.4677124023437,0,190.278688368624
48.22000000,75.4267654418945,0,190.278688368624
48.22500000,74.5336761474609,0,190.278688368624
48.23000000,73.2822341918945,0,190.278688368624
48.23500000,72.9308700561523,0,190.278688368624
48.24000000,75.7487258911133,0,190.278688368624
48.24500000,78.0192489624023,0,190.278688368624
48.25000000,78.1900253295898,0,190.278688368624
48.25500000,75.8565139770508,0,190.278688368624
48.26000000,74.6022644042969,0,190.278688368624
48.26500000,74.3894958496094,0,190.278688368624
48.27000000,74.5000839233398,0,190.278688368624
48.27500000,74.3684997558594,0,190.278688368624
48.28000000,74.9550247192383,0,190.278688368624
48.28500000,75.2265930175781,0,190.278688368624
48.29000000,71.7942123413086,0,190.278688368624
48.29500000,68.02587890625,0,190.278688368624
48.30000000,69.6902770996094,0,190.278688368624
48.30500000,72.9518737792969,0,190.278688368624
48.31000000,72.6607055664062,0,190.278688368624
48.31500000,70.1228179931641,0,190.278688368624
48.32000000,69.4593048095703,0,190.278688368624
48.32500000,69.5236968994141,0,190.278688368624
48.33000000,69.1583404541016,0,190.278688368624
48.33500000,69.849853515625,0,190.278688368624
48.34000000,72.3765411376953,0,190.278688368624
48.34500000,71.9775924682617,0,190.278688368624
48.35000000,69.2381286621094,0,190.278688368624
48.35500000,64.9826583862305,0,190.278688368624
48.36000000,63.8851890563965,0,190.278688368624
48.36500000,66.0969161987305,0,190.278688368624
48.37000000,67.7081146240234,0,190.278688368624
48.37500000,68.1812591552734,0,190.278688368624
48.38000000,69.3977127075195,0,190.278688368624
48.38500000,69.7630615234375,0,190.278688368624
48.39000000,67.1383895874023,0,190.278688368624
48.39500000,62.8017234802246,0,190.278688368624
48.40000000,62.5021591186523,0,190.278688368624
48.40500000,63.5786285400391,0,190.278688368624
48.41000000,64.2071533203125,0,190.278688368624
48.41500000,66.1753082275391,0,190.278688368624
48.42000000,71.1041030883789,0,190.278688368624
48.42500000,74.4468841552734,0,190.278688368624
48.43000000,72.9518737792969,0,190.278688368624
48.43500000,66.7968292236328,0,190.278688368624
48.44000000,62.553955078125,0,190.278688368624
48.44500000,62.5245590209961,0,190.278688368624
48.45000000,64.6130981445313,0,190.278688368624
48.45500000,67.9712829589844,0,190.278688368624
48.46000000,75.8593139648438,0,190.278688368624
48.46500000,81.8631744384766,0,190.278688368624
48.47000000,77.7280807495117,0,190.278688368624
48.47500000,67.465950012207,0,190.278688368624
48.48000000,61.6468658447266,0,190.278688368624
48.48500000,63.3280601501465,0,190.278688368624
48.49000000,67.7767105102539,0,190.278688368624
48.49500000,74.7268524169922,0,190.278688368624
48.50000000,83.0908203125,0,190.278688368624
48.50500000,85.5839157104492,0,190.278688368624
48.51000000,76.9553756713867,0,190.278688368624
48.51500000,68.1644592285156,0,190.278688368624
48.52000000,61.7448539733887,0,190.278688368624
48.52500000,62.3859748840332,0,190.278688368624
48.53000000,69.7224731445313,0,190.278688368624
48.53500000,78.7723541259766,0,190.278688368624
48.54000000,83.1496124267578,0,190.278688368624
48.54500000,82.8850479125977,0,190.278688368624
48.55000000,77.8862609863281,0,190.278688368624
48.55500000,70.1060256958008,0,190.278688368624
48.56000000,61.5488777160644,0,190.278688368624
48.56500000,58.6750335693359,0,190.278688368624
48.57000000,61.2507133483887,0,190.278688368624
48.57500000,68.8713760375977,0,190.278688368624
48.58000000,76.4836349487305,0,190.278688368624
48.58500000,80.0307998657227,0,190.278688368624
48.59000000,77.9506530761719,0,190.278688368624
48.59500000,72.0503845214844,0,190.278688368624
48.60000000,64.7306823730469,0,190.278688368624
48.60500000,58.8696098327637,0,190.278688368624
48.61000000,59.5863189697266,0,190.278688368624
48.61500000,67.9460906982422,0,190.278688368624
48.62000000,75.061408996582,0,190.278688368624
48.62500000,75.8803100585938,0,190.278688368624
48.63000000,73.7707672119141,0,190.278688368624
48.63500000,69.8988494873047,0,190.278688368624
48.64000000,62.7639274597168,0,190.278688368624
48.64500000,56.6592826843262,0,190.278688368624
48.65000000,56.7936668395996,0,190.278688368624
48.65500000,63.0340957641602,0,190.278688368624
48.66000000,67.6227264404297,0,190.278688368624
